0.18644	0.18644	0.49153	0.13559	3
0.08623	0.15501	0.60361	0.15515	3
0.21008	0.10716	0.44642	0.23634	3
0.09732	0.12234	0.70009	0.08025	3
0.09989	0.25032	0.51608	0.13371	3
0.45386	0.11435	0.25529	0.1765	1
0.2362	0.12883	0.3773	0.25767	3
0.06948	0.30109	0.50954	0.11988	3
0.36364	0.27273	0.25	0.11364	1
0.28302	0.33962	0.11321	0.26415	2
0.19149	0.19149	0.40426	0.21277	3
0.24508	0.37912	0.22875	0.14705	2
0.22076	0.16113	0.39736	0.22076	3
0.25	0.36538	0.28846	0.09615	2
0.1591	0.30392	0.29832	0.23866	2
0.18834	0.26548	0.32017	0.22601	3
0.10398	0.07603	0.65857	0.16141	3
0.18367	0.26531	0.30612	0.2449	3
0.51064	0.25532	0.17021	0.06383	1
0.2131	0.39349	0.24588	0.14753	2
0.13636	0.24242	0.40909	0.21212	3
0.27778	0.33333	0.24074	0.14815	2
0.35749	0.15359	0.28089	0.20803	1
0.08688	0.10523	0.69507	0.11282	3
0.24561	0.38596	0.10526	0.26316	2
0.19298	0.2807	0.2807	0.24561	3
0.11669	0.21671	0.46676	0.19984	3
0.23333	0.41667	0.16667	0.18333	2
0.54487	0.21504	0.09476	0.14533	1
0.1129	0.40323	0.32258	0.16129	2
0.06	0.28	0.5	0.16	3
0.03358	0.26862	0.48637	0.21143	3
0.14286	0.26531	0.34694	0.2449	3
0.33988	0.12139	0.48555	0.05318	3
0.38182	0.34545	0.10909	0.16364	1
0.47969	0.15474	0.22722	0.13835	1
0.24	0.4	0.24	0.12	2
0.31329	0.13846	0.43077	0.11748	3
0.22768	0.39327	0.16559	0.21346	2
0.10904	0.25442	0.50884	0.12769	3
0.1935	0.24437	0.43	0.13212	3
0.22727	0.20455	0.36364	0.20455	3
0.31895	0.16796	0.36931	0.14378	3
0.07639	0.28777	0.43923	0.19661	3
0.15133	0.092	0.6356	0.12107	3
0.28019	0.2977	0.17512	0.24699	2
0.23333	0.41667	0.15	0.2	2
0.24107	0.41283	0.24107	0.10504	2
0.14754	0.37705	0.29508	0.18033	2
0.15872	0.11054	0.63488	0.09587	3
0.09057	0.33208	0.44151	0.13585	3
0.20408	0.18367	0.44898	0.16327	3
0.25953	0.06037	0.59893	0.08118	3
0.18655	0.12025	0.60629	0.08692	3
0.14998	0.20012	0.47493	0.17497	3
0.28995	0.10599	0.34267	0.26139	3
0.0666	0.13373	0.57619	0.22348	3
0.21532	0.31366	0.29354	0.17747	2
0.32432	0.27027	0.32432	0.08108	3
0.16642	0.1902	0.4755	0.16788	3
0.32896	0.31466	0.20024	0.15614	1
0.08929	0.46429	0.32143	0.125	2
0.09381	0.34842	0.40718	0.15059	3
0.09832	0.22981	0.54077	0.1311	3
0.33333	0.21053	0.29825	0.15789	1
0.06362	0.12854	0.67861	0.12923	3
0.33333	0.29167	0.26389	0.11111	1
0.27236	0.11424	0.43123	0.18217	3
0.38069	0.26241	0.21414	0.14276	1
0.25	0.42308	0.17308	0.15385	2
0.14519	0.14674	0.54447	0.16359	3
0.14548	0.12138	0.67893	0.05421	3
0.22986	0.44056	0.26817	0.06142	2
0.14515	0.14524	0.59672	0.11289	3
0.34794	0.40014	0.12178	0.13014	2
0.12202	0.12627	0.59268	0.15903	3
0.13267	0.25372	0.44777	0.16584	3
0.14266	0.08916	0.64191	0.12627	3
0.05172	0.31034	0.36207	0.27586	3
0.17958	0.30164	0.2993	0.21948	2
0.04545	0.27273	0.52273	0.15909	3
0.18598	0.15022	0.51661	0.14719	3
0.33961	0.39625	0.13207	0.13207	2
0.0599	0.40007	0.39933	0.1407	2
0.45762	0.19916	0.22881	0.11441	1
0.35821	0.34328	0.13433	0.16418	1
0.225	0.15	0.45	0.175	3
0.09087	0.2726	0.32711	0.30942	3
0.45213	0.21472	0.11898	0.21417	1
0.05455	0.21818	0.6	0.12727	3
0.12182	0.19387	0.56245	0.12187	3
0.47089	0.26381	0.11301	0.1523	1
0.12432	0.12976	0.57187	0.17405	3
0.26141	0.17972	0.32676	0.23211	3
0.11185	0.36751	0.39947	0.12117	3
0.13672	0.11941	0.56643	0.17744	3
0.47826	0.23913	0.1087	0.17391	1
0.15514	0.41369	0.29303	0.13814	2
0.14286	0.25	0.44643	0.16071	3
0.25532	0.21277	0.2766	0.25532	3
0.15974	0.13207	0.70159	0.00661	3
0.07692	0.46154	0.26923	0.19231	2
0.21818	0.30909	0.18182	0.29091	2
0.08608	0.34469	0.43038	0.13886	3
0.12963	0.16667	0.51852	0.18519	3
0.31627	0.19809	0.31627	0.16937	3
0.41844	0.16311	0.30833	0.11012	1
0.04823	0.33758	0.40971	0.20448	3
0.34674	0.16375	0.38753	0.10198	3
0.03221	0.29219	0.54665	0.12894	3
0.20297	0.18814	0.38748	0.22142	3
0.5	0.15789	0.23684	0.10526	1
0.53473	0.18869	0.14751	0.12907	1
0.16663	0.52766	0.22217	0.08354	2
0.06115	0.24584	0.5911	0.10191	3
0.16343	0.16343	0.55157	0.12158	3
0.32871	0.07948	0.54624	0.04558	3
0.31622	0.08436	0.48649	0.11293	3
0.09502	0.19003	0.53748	0.17747	3
0.31399	0.07491	0.51716	0.09395	3
0.26019	0.00638	0.47307	0.26037	3
0.23167	0.32816	0.25484	0.18534	2
0.07533	0.09569	0.67789	0.15109	3
0.08502	0.14879	0.57389	0.1923	3
0.37249	0.25501	0.23704	0.13545	1
0.19224	0.30795	0.17301	0.3268	4
0.26528	0.30619	0.3265	0.10203	3
0.30854	0.11867	0.47467	0.09812	3
0.15756	0.22759	0.43767	0.17719	3
0.04954	0.36583	0.44915	0.13548	3
0.46751	0.29849	0.0425	0.1915	1
0.2766	0.2766	0.29787	0.14894	3
0.2619	0.40476	0.09524	0.2381	2
0.36407	0.06178	0.45509	0.11905	3
0.14807	0.24117	0.42569	0.18508	3
0.21442	0.37037	0.21442	0.20078	2
0.1712	0.20107	0.5992	0.02853	3
0.23129	0.33916	0.19825	0.23129	2
0.39139	0.11048	0.28465	0.21348	1
0.42	0.14	0.34	0.1	1
0.27587	0.19099	0.2971	0.23604	3
0.5	0.2	0.175	0.125	1
0.10887	0.25403	0.47177	0.16532	3
0.24169	0.15408	0.45317	0.15106	3
0.42607	0.24185	0.18936	0.14271	1
0.2378	0.16646	0.47559	0.12015	3
0.67622	0.06027	0.0294	0.23411	1
0.34816	0.19386	0.26112	0.19686	1
0.45902	0.22951	0.19672	0.11475	1
0.09415	0.15199	0.69662	0.05725	3
0.20635	0.49206	0.09524	0.20635	2
0.33323	0.25482	0.35283	0.05913	3
0.2736	0.21497	0.23451	0.27692	4
0.10614	0.30324	0.49965	0.09097	3
0.19511	0.21523	0.39022	0.19944	3
0.09979	0.08075	0.71846	0.10101	3
0.46512	0.09302	0.30233	0.13953	1
0.24342	0.19672	0.2921	0.26776	3
0.26834	0.12202	0.46959	0.14006	3
0.24416	0.33136	0.33136	0.09312	3
0.36538	0.30769	0.13462	0.19231	1
0.35714	0.33929	0.07143	0.23214	1
0.27678	0.0067	0.57663	0.13989	3
0.13193	0.16973	0.45232	0.24603	3
0.13098	0.14969	0.50519	0.21415	3
0.08	0.34	0.3	0.28	2
0.61423	0.17143	0.06825	0.14609	1
0.47761	0.28358	0.08955	0.14925	1
0.15169	0.15554	0.62777	0.06501	3
0.11309	0.18849	0.62088	0.07755	3
0.21429	0.32143	0.26786	0.19643	2
0.27691	0.36925	0.12307	0.23076	2
0.40816	0.16327	0.26531	0.16327	1
0.1881	0.36729	0.1539	0.2907	2
0.34483	0.21779	0.23593	0.20145	1
0.14265	0.17955	0.55278	0.12502	3
0.19909	0.20365	0.44795	0.14932	3
0.23077	0.20513	0.41026	0.15385	3
0.18974	0.11902	0.49808	0.19316	3
0.56818	0.22727	0.09091	0.11364	1
0.38776	0.30612	0.18367	0.12245	1
0.1253	0.14079	0.62651	0.1074	3
0.3942	0.32754	0.06957	0.2087	1
0.49998	0.26788	0.14285	0.08928	1
0.04531	0.22975	0.5437	0.18123	3
0.44734	0.42102	0.13157	7e-05	1
0.13331	0.13348	0.64434	0.08887	3
0.15205	0.13101	0.52132	0.19562	3
0.08333	0.38333	0.25	0.28333	2
0.25	0.36667	0.25	0.13333	2
0.08929	0.41071	0.35714	0.14286	2
0.14706	0.45588	0.29412	0.10294	2
0.13999	0.1627	0.55784	0.13946	3
0.17753	0.11237	0.51039	0.19972	3
0.12244	0.40231	0.29736	0.17789	2
0.46154	0.23077	0.20513	0.10256	1
0.31855	0.21382	0.19113	0.27651	1
0.27818	0.18091	0.41727	0.12364	3
0.11882	0.23956	0.57033	0.07129	3
0.17873	0.18294	0.48513	0.1532	3
0.23703	0.32819	0.19776	0.23703	2
0.18367	0.2449	0.42857	0.14286	3
0.01689	0.18577	0.5911	0.20624	3
0.17354	0.10753	0.5454	0.17354	3
0.24281	0.3287	0.34279	0.0857	3
0.25926	0.2037	0.38889	0.14815	3
0.18519	0.42593	0.11111	0.27778	2
0.20776	0.37396	0.0831	0.33518	2
0.38333	0.23333	0.23333	0.15	1
0.21277	0.14894	0.53191	0.10638	3
0.26316	0.31579	0.17544	0.24561	2
0.41509	0.15094	0.28302	0.15094	1
0.16359	0.12269	0.547	0.16672	3
0.16923	0.25384	0.35538	0.22155	3
0.18	0.44	0.24	0.14	2
0.2946	0.07087	0.4759	0.15863	3
0.19975	0.15589	0.57048	0.07388	3
0.23646	0.395	0.25031	0.11823	2
0.29371	0.29748	0.16317	0.24564	2
0.20997	0.1811	0.39895	0.20997	3
0.10907	0.21836	0.4908	0.18178	3
0.10873	0.14832	0.65235	0.0906	3
0.36344	0.2504	0.11358	0.27258	1
0.1971	0.33083	0.27922	0.19285	2
0.03761	0.15907	0.70543	0.09788	3
0.12563	0.08572	0.60719	0.18146	3
0.447	0.08193	0.38604	0.08503	1
0.27083	0.3125	0.33333	0.08333	3
0.2422	0.39555	0.26083	0.10142	2
0.25359	0.30793	0.23548	0.20299	2
0.22951	0.37705	0.21311	0.18033	2
0.19978	0.39957	0.26126	0.13939	2
0.28934	0.16112	0.35364	0.1959	3
0.31996	0.38007	0.13998	0.15998	2
0.1228	0.19301	0.61401	0.07017	3
0.43901	0.0879	0.29748	0.1756	1
0.07742	0.27095	0.5032	0.14843	3
0.41408	0.12179	0.38973	0.0744	1
0.09615	0.44231	0.19231	0.26923	2
0.11027	0.12948	0.5697	0.19055	3
0.52595	0.10519	0.26297	0.10589	1
0.39216	0.19608	0.17647	0.23529	1
0.26417	0.26417	0.3207	0.15096	3
0.38095	0.28571	0.2381	0.09524	1
0.13559	0.44068	0.30508	0.11864	2
0.55677	0.22536	0.14525	0.07262	1
0.05562	0.12977	0.72191	0.0927	3
0.23989	0.22037	0.37982	0.15992	3
0.1718	0.35921	0.40607	0.06293	3
0.47444	0.19103	0.21897	0.11557	1
0.24138	0.41379	0.15517	0.18966	2
0.15731	0.10524	0.64673	0.09072	3
0.36648	0.19545	0.19545	0.24261	1
0.39961	0.31274	0.08687	0.20078	1
0.33333	0.33333	0.14815	0.18519	2
0.2492	0.48197	0.13291	0.13592	2
0.54436	0.19354	0.08065	0.18145	1
0.28551	0.30335	0.3212	0.08994	3
0.37021	0.23393	0.21433	0.18152	1
0.26624	0.3233	0.28526	0.1252	2
0.20339	0.28814	0.33898	0.16949	3
0.22362	0.44956	0.12041	0.20642	2
0.30645	0.3871	0.14516	0.16129	2
0.14531	0.1463	0.61757	0.09082	3
0.03178	0.17519	0.68181	0.11122	3
0.03289	0.15152	0.55708	0.25851	3
0.21557	0.3337	0.33315	0.11758	2
0.10935	0.43739	0.34366	0.1096	2
0.3507	0.22796	0.26303	0.15832	1
0.34545	0.36364	0.10909	0.18182	2
0.1043	0.28698	0.28682	0.3219	4
0.50276	0.18785	0.13536	0.17403	1
0.34249	0.09582	0.43762	0.12408	3
0.16879	0.11812	0.50636	0.20673	3
0.29713	0.04494	0.48814	0.16979	3
0.21429	0.07143	0.59524	0.11905	3
0.2288	0.1472	0.3536	0.2704	3
0.17857	0.25	0.46429	0.10714	3
0.28548	0.30332	0.19627	0.21493	2
0.24074	0.5	0.2037	0.05556	2
0.1518	0.40558	0.26564	0.17699	2
0.25	0.2	0.425	0.125	3
0.29427	0.34356	0.20372	0.15845	2
0.15992	0.18001	0.59969	0.06039	3
0.31242	0.16689	0.22911	0.29159	1
0.161	0.19501	0.41399	0.23	3
0.26471	0.08824	0.55882	0.08824	3
0.15806	0.22581	0.42903	0.1871	3
0.53707	0.18102	0.11935	0.16256	1
0.40274	0.24354	0.26849	0.08523	1
0.10323	0.27738	0.46454	0.15485	3
0.06955	0.04887	0.83451	0.04707	3
0.17454	0.33356	0.25388	0.23801	2
0.10343	0.13791	0.5344	0.22425	3
0.21869	0.3749	0.20307	0.20334	2
0.29032	0.43548	0.08065	0.19355	2
0.20782	0.27709	0.36945	0.14565	3
0.173	0.08908	0.67038	0.06753	3
0.13606	0.06803	0.65696	0.13894	3
0.01696	0.20979	0.7054	0.06785	3
0.12479	0.2773	0.40209	0.19582	3
0.47826	0.21739	0.15217	0.15217	1
0.05455	0.23636	0.49091	0.21818	3
0.05882	0.25	0.47059	0.22059	3
0.08954	0.19418	0.49245	0.22384	3
0.67597	0.11672	0.11756	0.08975	1
0.19213	0.1349	0.49954	0.17343	3
0.35941	0.28118	0.21565	0.14376	1
0.2549	0.41176	0.17647	0.15686	2
0.10205	0.10205	0.67344	0.12246	3
0.1462	0.0986	0.73078	0.02443	3
0.61492	0.2129	0.07379	0.09839	1
0.05533	0.11225	0.69159	0.14083	3
0.13006	0.48308	0.20438	0.18248	2
0.09181	0.1658	0.64269	0.0997	3
0.07831	0.19732	0.5286	0.19578	3
0.15688	0.14088	0.51547	0.18677	3
0.06	0.14	0.74	0.06	3
0.13043	0.45652	0.23913	0.17391	2
0.20755	0.32075	0.33962	0.13208	3
0.25839	0.06978	0.56846	0.10336	3
0.14209	0.12469	0.56835	0.16488	3
0.15517	0.24138	0.44828	0.15517	3
0.20408	0.28571	0.32653	0.18367	3
0.41642	0.19492	0.16657	0.22209	1
0.08098	0.20968	0.59648	0.11286	3
0.32075	0.37736	0.18868	0.11321	2
0.48086	0.16382	0.29386	0.06146	1
0.26667	0.33333	0.31667	0.08333	2
0.17455	0.28364	0.43636	0.10545	3
0.35421	0.24352	0.22138	0.18088	1
0.06254	0.271	0.45799	0.20846	3
0.11732	0.13965	0.66482	0.07821	3
0.17308	0.25	0.36538	0.21154	3
0.22543	0.14492	0.54747	0.08218	3
0.39344	0.42623	0.06557	0.11475	2
0.38889	0.41667	0.08333	0.11111	2
0.42222	0.24444	0.17778	0.15556	1
0.33872	0.35643	0.11855	0.1863	2
0.29545	0.25	0.18182	0.27273	1
0.07822	0.34261	0.40787	0.1713	3
0.325	0.15	0.5	0.025	3
0.27989	0.24709	0.33237	0.14064	3
0.23341	0.2785	0.42438	0.06371	3
0.18941	0.1327	0.49246	0.18543	3
0.05844	0.13635	0.72071	0.0845	3
0.37748	0.1468	0.4404	0.03532	3
0.12245	0.20408	0.53061	0.14286	3
0.45238	0.16667	0.2381	0.14286	1
0.30217	0.16322	0.39514	0.13946	3
0.35666	0.06382	0.35666	0.22286	3
0.07993	0.1199	0.65826	0.14191	3
0.13428	0.21102	0.49877	0.15593	3
0.06968	0.20946	0.53284	0.18802	3
0.4253	0.12814	0.17012	0.27644	1
0.18156	0.14617	0.43575	0.23651	3
0.16565	0.19236	0.49694	0.14506	3
0.24736	0.14454	0.50983	0.09827	3
0.18966	0.18966	0.48276	0.13793	3
0.22222	0.55556	0.14815	0.07407	2
0.30909	0.30909	0.09091	0.29091	2
0.41946	0.25997	0.23969	0.08088	1
0.40781	0.20422	0.28547	0.1025	1
0.1157	0.14329	0.43965	0.30136	3
0.33962	0.28302	0.09434	0.28302	1
0.0689	0.10335	0.70614	0.12161	3
0.2086	0.12523	0.39633	0.26984	3
0.1201	0.22079	0.56046	0.09865	3
0.33996	0.21275	0.31871	0.12858	1
0.11864	0.45763	0.22034	0.20339	2
0.06997	0.28197	0.48978	0.15829	3
0.2	0.33333	0.21667	0.25	2
0.24097	0.24606	0.28916	0.22382	3
0.07937	0.34921	0.39683	0.1746	3
0.25948	0.10512	0.43912	0.19627	3
0.17949	0.23077	0.35897	0.23077	3
0.27073	0.29194	0.35403	0.0833	3
0.37438	0.24959	0.19967	0.17636	1
0.20254	0.08574	0.56649	0.14523	3
0.19236	0.19248	0.46127	0.15389	3
0.22771	0.32194	0.25048	0.19988	2
0.35185	0.24074	0.35185	0.05556	3
0.40869	0.22154	0.19461	0.17515	1
0.30139	0.18201	0.33684	0.17976	3
0.28818	0.17867	0.33141	0.20173	3
0.39581	0.07989	0.35623	0.16807	1
0.25	0.225	0.325	0.2	3
0.43643	0.19605	0.25267	0.11485	1
0.0929	0.1388	0.59447	0.17384	3
0.11765	0.07843	0.58824	0.21569	3
0.2584	0.27747	0.36915	0.09498	3
0.14645	0.14604	0.56148	0.14604	3
0.2249	0.22865	0.41231	0.13415	3
0.34991	0.26334	0.12892	0.25783	1
0.23731	0.28675	0.27687	0.19907	2
0.04602	0.34512	0.41404	0.19483	3
0.26107	0.45095	0.09494	0.19304	2
0.16903	0.37187	0.18593	0.27316	2
0.12496	0.23239	0.44628	0.19637	3
0.23315	0.06581	0.55108	0.14996	3
0.26236	0.34146	0.07871	0.31747	2
0.29032	0.22581	0.32258	0.16129	3
0.22213	0.34174	0.34174	0.09438	3
0.23433	0.4218	0.24996	0.09391	2
0.30303	0.10873	0.42781	0.16043	3
0.0986	0.14789	0.56693	0.18658	3
0.13497	0.27098	0.5129	0.08114	3
0.15493	0.42254	0.23944	0.1831	2
0.19636	0.14315	0.57123	0.08925	3
0.06524	0.13112	0.67316	0.13048	3
0.2879	0.40644	0.15242	0.15325	2
0.13976	0.08156	0.61895	0.15973	3
0.32758	0.20152	0.38901	0.0819	3
0.19444	0.19444	0.41667	0.19444	3
0.30612	0.32653	0.12245	0.2449	2
0.09098	0.15921	0.54512	0.2047	3
0.11323	0.08995	0.65537	0.14146	3
0.18957	0.45024	0.28436	0.07583	2
0.15369	0.35861	0.33299	0.15471	2
0.12543	0.23636	0.41213	0.22608	3
0.27967	0.15458	0.41951	0.14624	3
0.09272	0.28477	0.43709	0.18543	3
0.12245	0.2449	0.5102	0.12245	3
0.32877	0.24658	0.16438	0.26027	1
0.38218	0.12901	0.38218	0.10664	3
0.0793	0.42823	0.36479	0.12769	2
0.16981	0.22642	0.41509	0.18868	3
0.07178	0.09687	0.78252	0.04882	3
0.2183	0.16379	0.50877	0.10915	3
0.24736	0.06114	0.43974	0.25176	3
0.23155	0.22114	0.39995	0.14735	3
0.11969	0.11973	0.59846	0.16211	3
0.39582	0.15092	0.37697	0.07629	1
0.21053	0.50877	0.14035	0.14035	2
0.14625	0.21025	0.49725	0.14625	3
0.15204	0.30408	0.41268	0.1312	3
0.2449	0.32653	0.22449	0.20408	2
0.32872	0.233	0.27393	0.16436	1
0.53333	0.23333	0.15	0.08333	1
0.09977	0.10208	0.62356	0.1746	3
0.14084	0.26333	0.47294	0.12289	3
0.21429	0.17857	0.53571	0.07143	3
0.23185	0.5707	0.03567	0.16178	2
0.0695	0.09314	0.69496	0.1424	3
0.31496	0.1582	0.28872	0.23812	1
0.09749	0.24443	0.38997	0.26811	3
0.18191	0.18191	0.43295	0.20323	3
0.15338	0.2388	0.33941	0.26841	3
0.20803	0.07588	0.57829	0.1378	3
0.10718	0.21472	0.51804	0.16006	3
0.21651	0.1508	0.55112	0.08157	3
0.28882	0.26483	0.36758	0.07877	3
0.25987	0.16598	0.49612	0.07802	3
0.19135	0.10655	0.59531	0.10678	3
0.15578	0.12375	0.58417	0.13631	3
0.16279	0.18605	0.5814	0.06977	3
0.41898	0.20194	0.25937	0.11971	1
0.18694	0.20886	0.47772	0.12648	3
0.22808	0.15861	0.50799	0.10532	3
0.30843	0.2793	0.25702	0.15525	1
0.0217	0.13072	0.73758	0.11	3
0.37705	0.40984	0.04918	0.16393	2
0.10447	0.14626	0.64151	0.10776	3
0.19787	0.30459	0.19787	0.29968	2
0.32666	0.12792	0.4537	0.09173	3
0.08468	0.44033	0.35565	0.11934	2
0.2726	0.10954	0.59964	0.01822	3
0.11475	0.31148	0.31148	0.2623	3
0.06664	0.22215	0.5998	0.1114	3
0.18131	0.45374	0.21757	0.14738	2
0.24138	0.32759	0.24138	0.18966	2
0.0812	0.29233	0.44783	0.17864	3
0.28076	0.1412	0.39306	0.18499	3
0.24761	0.14032	0.45019	0.16188	3
0.11929	0.26839	0.47714	0.13518	3
0.4723	0.11113	0.19448	0.2221	1
0.11336	0.38866	0.32389	0.17409	2
0.13863	0.24954	0.38818	0.22365	3
0.08599	0.12186	0.56751	0.22464	3
0.14202	0.26036	0.52072	0.0769	3
0.18174	0.32714	0.30897	0.18215	2
0.08046	0.17443	0.66383	0.08127	3
0.19614	0.23326	0.46361	0.10699	3
0.16947	0.23302	0.33894	0.25858	3
0.16071	0.21429	0.53571	0.08929	3
0.27267	0.13638	0.409	0.18195	3
0.13273	0.21332	0.53084	0.1231	3
0.33333	0.2	0.33333	0.13333	3
0.52083	0.14583	0.22917	0.10417	1
0.08	0.48	0.28	0.16	2
0.04648	0.16282	0.62748	0.16322	3
0.26198	0.23042	0.34385	0.16374	3
0.30293	0.19634	0.21384	0.2869	1
0.4454	0.21172	0.2358	0.10707	1
0.23072	0.34607	0.32627	0.09694	2
0.34763	0.1373	0.36694	0.14813	3
0.14991	0.13386	0.36644	0.34979	3
0.2341	0.34335	0.18728	0.23526	2
0.1318	0.3222	0.37656	0.16945	3
0.41304	0.30435	0.17391	0.1087	1
0.19596	0.39191	0.29393	0.1182	2
0.1956	0.19588	0.49986	0.10866	3
0.37089	0.12922	0.41927	0.08063	3
0.1661	0.10382	0.56051	0.16957	3
0.22198	0.22198	0.44396	0.11209	3
0.27852	0.09479	0.41779	0.20889	3
0.13841	0.19993	0.52283	0.13882	3
0.64387	0.07059	0.18396	0.10157	1
0.09744	0.31793	0.46283	0.1218	3
0.07296	0.05147	0.75396	0.12161	3
0.11489	0.36733	0.36383	0.15395	2
0.11587	0.21545	0.5959	0.07278	3
0.35938	0.46875	0.04688	0.125	2
0.33333	0.30952	0.2381	0.11905	1
0.31746	0.33333	0.15873	0.19048	2
0.24969	0.43128	0.1135	0.20553	2
0.14866	0.38227	0.36103	0.10805	2
0.19672	0.31148	0.36066	0.13115	3
0.14583	0.39583	0.22917	0.22917	2
0.30508	0.35593	0.16949	0.16949	2
0.30856	0.08821	0.57304	0.03019	3
0.34694	0.44898	0.10204	0.10204	2
0.30132	0.13369	0.43315	0.13183	3
0.09479	0.28436	0.37915	0.24171	3
0.22215	0.35545	0.17772	0.24468	2
0.06118	0.36711	0.26513	0.30658	2
0.03918	0.19644	0.666	0.09838	3
0.21154	0.34615	0.28846	0.15385	2
0.27568	0.16828	0.41352	0.14252	3
0.08197	0.21311	0.5082	0.19672	3
0.18359	0.07153	0.59667	0.14821	3
0.19989	0.31411	0.22844	0.25756	2
0.3125	0.34375	0.21875	0.125	2
0.40885	0.22773	0.34071	0.02271	1
0.19865	0.24047	0.29797	0.26291	3
0.42663	0.27307	0.12799	0.1723	1
0.19075	0.27902	0.25433	0.2759	2
0.30731	0.07786	0.48017	0.13466	3
0.2549	0.15686	0.39216	0.19608	3
0.03636	0.20012	0.72716	0.03636	3
0.35325	0.22286	0.16485	0.25905	1
0.24466	0.28544	0.38738	0.08251	3
0.21369	0.21648	0.4808	0.08904	3
0.1064	0.2611	0.41034	0.22215	3
0.25957	0.30023	0.1797	0.2605	2
0.14303	0.20433	0.44831	0.20433	3
0.12483	0.39009	0.21845	0.26663	2
0.26923	0.32692	0.19231	0.21154	2
0.21248	0.16998	0.53119	0.08635	3
0.15723	0.27962	0.40181	0.16134	3
0.35881	0.07735	0.48695	0.07689	3
0.17178	0.43731	0.23424	0.15666	2
0.02217	0.09002	0.77578	0.11203	3
0.16926	0.20447	0.50778	0.11848	3
0.19392	0.14803	0.55753	0.10052	3
0.34543	0.1437	0.30479	0.20609	1
0.05387	0.13827	0.71712	0.09075	3
0.38889	0.27778	0.18519	0.14815	1
0.16362	0.25462	0.38178	0.19998	3
0.20833	0.5	0.22917	0.0625	2
0.24011	0.20405	0.44329	0.11255	3
0.33333	0.16667	0.37879	0.12121	3
0.2804	0.18216	0.44397	0.09347	3
0.30082	0.245	0.33842	0.11577	3
0.09188	0.17764	0.61948	0.111	3
0.07824	0.17604	0.62593	0.11978	3
0.174	0.23201	0.43894	0.15505	3
0.05877	0.11848	0.66604	0.15671	3
0.2818	0.17221	0.34442	0.20157	3
0.47737	0.18873	0.20755	0.12635	1
0.29462	0.36137	0.24552	0.09849	2
0.1133	0.32017	0.3588	0.20773	3
0.35676	0.19728	0.24974	0.19622	1
0.16071	0.33929	0.23214	0.26786	2
0.08064	0.05358	0.80642	0.05936	3
0.14706	0.29412	0.47059	0.08824	3
0.04049	0.20691	0.54662	0.20598	3
0.15517	0.17734	0.48768	0.1798	3
0.18964	0.15525	0.53443	0.12068	3
0.31481	0.35185	0.07407	0.25926	2
0.14554	0.3139	0.29107	0.24949	2
0.35593	0.33898	0.11864	0.18644	1
0.15385	0.4	0.32308	0.12308	2
0.07541	0.16968	0.62217	0.13273	3
0.23194	0.10792	0.50604	0.1541	3
0.18499	0.22302	0.29599	0.29599	4
0.28759	0.27207	0.42116	0.01917	3
0.14282	0.22444	0.46928	0.16346	3
0.28571	0.32653	0.30612	0.08163	2
0.35318	0.21664	0.42381	0.00637	3
0.24444	0.42222	0.11111	0.22222	2
0.23729	0.37288	0.30508	0.08475	2
0.22978	0.17871	0.43402	0.15749	3
0.42188	0.26562	0.10938	0.20312	1
0.29591	0.29635	0.20344	0.20429	2
0.37766	0.2669	0.11108	0.24437	1
0.20488	0.27938	0.33526	0.18048	3
0.22476	0.20481	0.40866	0.16176	3
0.30199	0.19478	0.3623	0.14093	3
0.11897	0.4283	0.35691	0.09582	2
0.43065	0.11912	0.3132	0.13703	1
0.30714	0.22034	0.18901	0.28351	1
0.19974	0.23968	0.39947	0.16111	3
0.23935	0.35903	0.21542	0.18621	2
0.33757	0.09183	0.54011	0.03048	3
0.3985	0.2464	0.13283	0.22227	1
0.29545	0.25	0.36364	0.09091	3
0.28579	0.18085	0.32151	0.21185	3
0.1588	0.22869	0.43103	0.18149	3
0.2607	0.23797	0.44118	0.06016	3
0.0	0.14548	0.79739	0.05713	3
0.12448	0.12865	0.68463	0.06224	3
0.18182	0.38636	0.38636	0.04545	3
0.18917	0.18927	0.48644	0.13512	3
0.44068	0.30508	0.10169	0.15254	1
0.2257	0.38692	0.19346	0.19393	2
0.10714	0.17857	0.625	0.08929	3
0.16472	0.39711	0.09883	0.33935	2
0.05172	0.37931	0.39655	0.17241	3
0.05984	0.02147	0.79788	0.12081	3
0.17588	0.31268	0.33223	0.1792	3
0.3439	0.41631	0.0543	0.18549	2
0.33969	0.16076	0.29973	0.19982	1
0.2439	0.39024	0.26829	0.09756	2
0.40384	0.13848	0.29615	0.16153	1
0.15668	0.19701	0.5288	0.11751	3
0.17629	0.21547	0.43094	0.1773	3
0.11076	0.22218	0.44303	0.22403	3
0.38022	0.05325	0.45626	0.11026	3
0.20546	0.17818	0.56158	0.05479	3
0.43872	0.19561	0.24373	0.12193	1
0.22649	0.11338	0.54359	0.11654	3
0.22128	0.37305	0.23972	0.16596	2
0.25711	0.25843	0.28568	0.19878	3
0.27994	0.33514	0.20996	0.17496	2
0.12738	0.14964	0.46706	0.25592	3
0.41632	0.24979	0.24979	0.0841	1
0.29032	0.27419	0.14516	0.29032	4
0.04977	0.1534	0.59718	0.19965	3
0.21277	0.3617	0.31915	0.10638	2
0.22433	0.06561	0.64888	0.06118	3
0.14038	0.14137	0.54593	0.17232	3
0.27235	0.18246	0.36313	0.18205	3
0.18281	0.1563	0.50619	0.15469	3
0.31154	0.15439	0.44506	0.08901	3
0.28567	0.3506	0.2597	0.10403	2
0.54896	0.27459	0.03921	0.13724	1
0.27273	0.16364	0.43636	0.12727	3
0.37512	0.16672	0.22924	0.22893	1
0.34817	0.2431	0.18165	0.22707	1
0.27576	0.15303	0.51212	0.05909	3
0.09374	0.06256	0.59371	0.24998	3
0.25	0.45455	0.11364	0.18182	2
0.0702	0.28099	0.49142	0.15739	3
0.32075	0.35849	0.20755	0.11321	2
0.28798	0.17638	0.28798	0.24767	3
0.10867	0.12743	0.6157	0.1482	3
0.14256	0.12087	0.54649	0.19008	3
0.08039	0.22727	0.49843	0.19392	3
0.14545	0.43636	0.16364	0.25455	2
0.15384	0.13465	0.59613	0.11538	3
0.17742	0.40323	0.27419	0.14516	2
0.2439	0.04878	0.53659	0.17073	3
0.29412	0.31373	0.09804	0.29412	2
0.22876	0.29412	0.28105	0.19608	2
0.06996	0.08745	0.61218	0.2304	3
0.29261	0.21946	0.34138	0.14656	3
0.25143	0.16062	0.37714	0.21082	3
0.2459	0.39344	0.21311	0.14754	2
0.26232	0.16058	0.44594	0.13116	3
0.3091	0.19158	0.40421	0.09511	3
0.29895	0.31872	0.28234	0.1	2
0.05536	0.20646	0.53518	0.203	3
0.16981	0.37736	0.32075	0.13208	2
0.24999	0.32141	0.14285	0.28575	2
0.21528	0.04699	0.66736	0.07038	3
0.29825	0.4386	0.10526	0.15789	2
0.15606	0.24482	0.5023	0.09682	3
0.10521	0.22845	0.59619	0.07014	3
0.08996	0.17991	0.66567	0.06447	3
0.18114	0.39851	0.23548	0.18487	2
0.0794	0.23821	0.57122	0.11116	3
0.35	0.3	0.2	0.15	1
0.28	0.3	0.26	0.16	2
0.10338	0.13848	0.58584	0.1723	3
0.47342	0.22544	0.15781	0.14333	1
0.15708	0.09057	0.6807	0.07166	3
0.3034	0.1763	0.39008	0.13022	3
0.08065	0.16129	0.62903	0.12903	3
0.04615	0.32308	0.43077	0.2	3
0.16666	0.02783	0.74996	0.05555	3
0.14239	0.20567	0.45881	0.19312	3
0.07273	0.38182	0.36364	0.18182	2
0.54188	0.15467	0.13005	0.1734	1
0.15254	0.25424	0.22034	0.37288	4
0.14754	0.2459	0.4918	0.11475	3
0.09071	0.18365	0.48981	0.23583	3
0.22626	0.28797	0.24683	0.23894	2
0.20628	0.2066	0.4443	0.14281	3
0.29994	0.36679	0.13331	0.19996	2
0.06358	0.19077	0.59328	0.15238	3
0.0308	0.154	0.64581	0.1694	3
0.3707	0.29084	0.14505	0.19341	1
0.2549	0.35294	0.29412	0.09804	2
0.03378	0.11824	0.67568	0.1723	3
0.16851	0.09412	0.67406	0.06332	3
0.13043	0.32609	0.3913	0.15217	3
0.33625	0.24757	0.20692	0.20925	1
0.17176	0.23422	0.4216	0.17242	3
0.24831	0.11517	0.49661	0.13991	3
0.23797	0.15356	0.53956	0.06891	3
0.12499	0.1667	0.49998	0.20832	3
0.26923	0.13462	0.53846	0.05769	3
0.35231	0.17049	0.22796	0.24924	1
0.17412	0.10575	0.65294	0.0672	3
0.31667	0.45	0.15	0.08333	2
0.10747	0.29188	0.47594	0.12471	3
0.21992	0.17594	0.50582	0.09832	3
0.11538	0.13462	0.59615	0.15385	3
0.0925	0.444	0.2775	0.18601	2
0.24	0.42	0.18	0.16	2
0.09222	0.20312	0.53488	0.16977	3
0.12235	0.22431	0.38744	0.26591	3
0.47751	0.2526	0.12457	0.14533	1
0.41832	0.15562	0.28622	0.13984	1
0.36869	0.19519	0.23857	0.19755	1
0.09498	0.14522	0.66483	0.09498	3
0.22166	0.11936	0.53962	0.11936	3
0.18919	0.08108	0.59459	0.13514	3
0.11857	0.23714	0.45056	0.19374	3
0.18919	0.12485	0.47298	0.21298	3
0.12713	0.38554	0.25426	0.23307	2
0.27077	0.18746	0.41657	0.12521	3
0.25	0.33333	0.31667	0.1	2
0.23719	0.14231	0.56855	0.05195	3
0.20675	0.26877	0.41283	0.11166	3
0.04789	0.22347	0.63286	0.09577	3
0.11235	0.25852	0.40445	0.22469	3
0.3647	0.14645	0.3647	0.12415	3
0.216	0.352	0.24	0.192	2
0.36508	0.33333	0.11111	0.19048	1
0.19151	0.21279	0.48931	0.10639	3
0.09968	0.20134	0.55822	0.14076	3
0.13277	0.08864	0.72959	0.04899	3
0.16144	0.18019	0.51487	0.1435	3
0.09191	0.24936	0.45957	0.19915	3
0.24894	0.25319	0.38298	0.11489	3
0.21045	0.28974	0.23675	0.26306	2
0.39327	0.09308	0.37014	0.14351	1
0.07221	0.16246	0.57765	0.18768	3
0.14915	0.24127	0.43254	0.17704	3
0.08608	0.1951	0.60253	0.1163	3
0.12133	0.29167	0.48532	0.10169	3
0.14985	0.17585	0.50573	0.16858	3
0.10726	0.19664	0.60672	0.08938	3
0.19343	0.14567	0.54806	0.11284	3
0.13316	0.22322	0.53265	0.11097	3
0.19572	0.12232	0.5841	0.09786	3
0.12491	0.16725	0.58292	0.12491	3
0.17949	0.30769	0.30769	0.20513	3
0.24381	0.24824	0.36572	0.14222	3
0.28491	0.40956	0.08904	0.21649	2
0.58649	0.13113	0.15205	0.13033	1
0.32653	0.42857	0.14286	0.10204	2
0.1511	0.05666	0.60336	0.18888	3
0.28051	0.20679	0.37402	0.13868	3
0.41652	0.33322	0.13329	0.11698	1
0.16975	0.24529	0.45266	0.1323	3
0.16966	0.2036	0.50798	0.11876	3
0.10412	0.25037	0.2707	0.37482	4
0.15238	0.16115	0.48255	0.20392	3
0.15474	0.37981	0.22507	0.24037	2
0.21429	0.42857	0.28571	0.07143	2
0.27315	0.2949	0.33168	0.10027	3
0.1482	0.13196	0.59281	0.12703	3
0.22622	0.32134	0.22622	0.22622	2
0.07253	0.18133	0.7068	0.03934	3
0.13162	0.28205	0.30085	0.28547	3
0.44834	0.29947	0.14011	0.11208	1
0.32843	0.1456	0.39412	0.13185	3
0.08909	0.10842	0.65924	0.14325	3
0.13738	0.3646	0.2576	0.24042	2
0.31897	0.19138	0.38276	0.10689	3
0.24544	0.2903	0.31238	0.15187	3
0.24193	0.21623	0.40942	0.13243	3
0.43229	0.09149	0.34995	0.12628	1
0.38142	0.219	0.2906	0.10898	1
0.23529	0.39216	0.21569	0.15686	2
0.1776	0.14208	0.49727	0.18305	3
0.13208	0.0566	0.62264	0.18868	3
0.53	0.20384	0.14269	0.12347	1
0.36194	0.02324	0.52028	0.09454	3
0.11429	0.37143	0.25714	0.25714	2
0.36842	0.36842	0.07018	0.19298	2
0.243	0.33186	0.243	0.18215	2
0.10899	0.23706	0.45413	0.19982	3
0.10714	0.32143	0.35714	0.21429	3
0.21225	0.22991	0.39185	0.16599	3
0.16136	0.17929	0.4967	0.16264	3
0.20469	0.33494	0.33494	0.12544	3
0.25915	0.28237	0.19934	0.25915	2
0.04544	0.21068	0.53133	0.21254	3
0.47253	0.18174	0.12722	0.2185	1
0.3288	0.14412	0.3288	0.19827	3
0.12501	0.3542	0.31244	0.20835	2
0.12964	0.20372	0.59256	0.07408	3
0.2218	0.2325	0.2218	0.3239	4
0.31541	0.31541	0.1992	0.16998	2
0.09804	0.09804	0.62745	0.17647	3
0.17391	0.13043	0.54348	0.15217	3
0.19298	0.24561	0.22807	0.33333	4
0.36272	0.32645	0.12695	0.18389	1
0.11981	0.08144	0.65896	0.13978	3
0.08451	0.39437	0.32394	0.19718	2
0.24194	0.40323	0.27419	0.08065	2
0.47696	0.21865	0.15176	0.15263	1
0.35135	0.24324	0.24324	0.16216	1
0.22446	0.25899	0.29353	0.22302	3
0.237	0.188	0.45649	0.1185	3
0.39394	0.36364	0.10606	0.13636	1
0.22107	0.11511	0.60283	0.06099	3
0.20233	0.48898	0.16861	0.14008	2
0.1631	0.10873	0.56179	0.16637	3
0.36323	0.47029	0.0454	0.12108	2
0.3616	0.19172	0.29779	0.14889	1
0.18182	0.21818	0.43636	0.16364	3
0.34921	0.31746	0.26984	0.06349	1
0.47364	0.19307	0.15788	0.17542	1
0.2104	0.09368	0.57381	0.12211	3
0.21806	0.11213	0.5426	0.1272	3
0.20414	0.06897	0.58824	0.13865	3
0.16919	0.11641	0.58276	0.13164	3
0.04839	0.16129	0.66129	0.12903	3
0.06654	0.16639	0.6478	0.11926	3
0.39974	0.16419	0.25438	0.1817	1
0.11864	0.42373	0.28814	0.16949	2
0.23159	0.16211	0.46318	0.14312	3
0.34965	0.32468	0.12488	0.20079	1
0.44928	0.34783	0.05797	0.14493	1
0.14568	0.27162	0.38847	0.19423	3
0.09081	0.09081	0.74922	0.06915	3
0.21906	0.13949	0.49745	0.144	3
0.14283	0.28586	0.28566	0.28566	2
0.25849	0.29342	0.36188	0.08621	3
0.27659	0.19591	0.33191	0.19559	3
0.32836	0.37313	0.1791	0.1194	2
0.1108	0.1598	0.64261	0.08679	3
0.19998	0.11122	0.57771	0.1111	3
0.10528	0.12283	0.57806	0.19382	3
0.33943	0.22669	0.22629	0.20759	1
0.16265	0.18673	0.27884	0.37178	4
0.51917	0.28843	0.07691	0.11548	1
0.17369	0.32776	0.21711	0.28144	2
0.1111	0.2001	0.59992	0.08888	3
0.33844	0.16032	0.33844	0.1628	3
0.375	0.16667	0.33333	0.125	1
0.14927	0.31664	0.35451	0.17959	3
0.27765	0.20408	0.40721	0.11106	3
0.20353	0.03754	0.59201	0.16692	3
0.17387	0.15214	0.58682	0.08716	3
0.24887	0.19893	0.30417	0.24803	3
0.22707	0.22707	0.38602	0.15985	3
0.12746	0.19226	0.50985	0.17042	3
0.18272	0.33733	0.36544	0.11451	3
0.04999	0.25024	0.59979	0.09998	3
0.36842	0.31579	0.13158	0.18421	1
0.2806	0.26296	0.34535	0.11109	3
0.6493	0.0503	0.14984	0.15057	1
0.39856	0.28952	0.24357	0.06835	1
0.13333	0.33333	0.46667	0.06667	3
0.26646	0.32915	0.25078	0.15361	2
0.16996	0.22661	0.49012	0.11331	3
0.03486	0.15938	0.78739	0.01837	3
0.43865	0.18525	0.27154	0.10456	1
0.01783	0.25295	0.64172	0.08751	3
0.43593	0.07328	0.31484	0.17595	1
0.28947	0.34211	0.18421	0.18421	2
0.11756	0.09868	0.66619	0.11756	3
0.29095	0.22917	0.33252	0.14736	3
0.14583	0.22917	0.47917	0.14583	3
0.14578	0.26727	0.51025	0.0767	3
0.22383	0.2487	0.42279	0.10468	3
0.47882	0.30092	0.09975	0.12051	1
0.05083	0.20333	0.64388	0.10195	3
0.09008	0.36945	0.42787	0.1126	3
0.13333	0.42222	0.31111	0.13333	2
0.134	0.30149	0.41377	0.15075	3
0.08174	0.42505	0.376	0.11721	2
0.08901	0.20027	0.66556	0.04516	3
0.13632	0.25828	0.42844	0.17696	3
0.11948	0.0837	0.67639	0.12043	3
0.25548	0.12863	0.51096	0.10493	3
0.09491	0.16948	0.59318	0.14243	3
0.37729	0.33537	0.18797	0.09938	1
0.26703	0.29428	0.15259	0.2861	2
0.19048	0.19048	0.30159	0.31746	4
0.37487	0.32167	0.14281	0.16066	1
0.18165	0.14292	0.56512	0.11032	3
0.30645	0.30645	0.19355	0.19355	2
0.42001	0.21089	0.0525	0.3166	1
0.07016	0.22828	0.57879	0.12277	3
0.14545	0.47273	0.07273	0.30909	2
0.23266	0.16948	0.42302	0.17485	3
0.20635	0.30159	0.33333	0.15873	3
0.31915	0.14894	0.3617	0.17021	3
0.24882	0.21495	0.30624	0.22999	3
0.24021	0.22419	0.41636	0.11925	3
0.39909	0.19954	0.2195	0.18187	1
0.31652	0.28367	0.23322	0.16659	1
0.25517	0.05589	0.63791	0.05103	3
0.14284	0.2382	0.49993	0.11903	3
0.31941	0.29273	0.15971	0.22815	1
0.07872	0.1417	0.5983	0.18127	3
0.0635	0.14287	0.61614	0.1775	3
0.10854	0.16409	0.61449	0.11288	3
0.20968	0.37097	0.20968	0.20968	2
0.11513	0.24945	0.40296	0.23245	3
0.05261	0.21265	0.66458	0.07015	3
0.15957	0.21277	0.49563	0.13203	3
0.09355	0.20489	0.54564	0.15592	3
0.08473	0.16947	0.59314	0.15266	3
0.10166	0.2206	0.54219	0.13555	3
0.21569	0.47059	0.17647	0.13725	2
0.14373	0.30183	0.27884	0.2756	2
0.21762	0.36527	0.19949	0.21762	2
0.26597	0.15372	0.41105	0.16926	3
0.254	0.15279	0.27094	0.32228	4
0.13042	0.08707	0.60862	0.17389	3
0.24753	0.13018	0.54458	0.07771	3
0.38587	0.18375	0.147	0.28339	1
0.2854	0.30578	0.20386	0.20497	2
0.02265	0.13904	0.72486	0.11345	3
0.17021	0.06383	0.70213	0.06383	3
0.09841	0.21929	0.53141	0.15089	3
0.16068	0.23229	0.48205	0.12498	3
0.07679	0.35324	0.33788	0.23208	2
0.07551	0.13214	0.62236	0.17	3
0.28212	0.4702	0.09404	0.15365	2
0.39619	0.25424	0.18644	0.16314	1
0.3343	0.11442	0.48288	0.0684	3
0.05328	0.37845	0.35517	0.2131	2
0.27273	0.18182	0.43636	0.10909	3
0.39062	0.19922	0.25391	0.15625	1
0.24889	0.38655	0.15316	0.2114	2
0.09981	0.22007	0.51899	0.16113	3
0.20849	0.37066	0.27799	0.14286	2
0.43995	0.32008	0.13998	0.09999	1
0.38	0.34	0.14	0.14	1
0.15842	0.1097	0.59735	0.13453	3
0.27747	0.08395	0.52719	0.11139	3
0.12965	0.30356	0.43215	0.13464	3
0.13945	0.28159	0.48807	0.09089	3
0.33793	0.22557	0.32385	0.11264	1
0.17734	0.37081	0.30632	0.14553	2
0.0995	0.20249	0.66332	0.03469	3
0.10526	0.26326	0.57884	0.05263	3
0.03394	0.32275	0.49059	0.15272	3
0.21609	0.13505	0.51321	0.13565	3
0.37473	0.3212	0.14276	0.16131	1
0.13986	0.14006	0.65934	0.06073	3
0.13308	0.11881	0.63165	0.11645	3
0.22396	0.46515	0.10337	0.20752	2
0.29412	0.31373	0.17647	0.21569	2
0.5355	0.26775	0.0315	0.16525	1
0.2381	0.36508	0.25397	0.14286	2
0.23694	0.30463	0.25386	0.20457	2
0.2146	0.23205	0.4284	0.12495	3
0.26531	0.46939	0.08163	0.18367	2
0.09385	0.15497	0.67561	0.07558	3
0.23636	0.23636	0.32727	0.2	3
0.41133	0.20717	0.16827	0.21323	1
0.46315	0.17121	0.24376	0.12188	1
0.17642	0.37257	0.33324	0.11777	2
0.18182	0.33333	0.25758	0.22727	2
0.48134	0.16691	0.16662	0.18513	1
0.35393	0.3124	0.02082	0.31285	1
0.07089	0.16852	0.6874	0.0732	3
0.12371	0.27055	0.3299	0.27584	3
0.26415	0.22959	0.32511	0.18116	3
0.05261	0.29847	0.35077	0.29815	3
0.14249	0.21906	0.37129	0.26716	3
0.1324	0.13861	0.6431	0.08588	3
0.19048	0.19048	0.42857	0.19048	3
0.21086	0.07907	0.68371	0.02636	3
0.12374	0.12444	0.66928	0.08255	3
0.16392	0.3598	0.29438	0.18191	2
0.29133	0.27111	0.31214	0.12541	3
0.14281	0.42843	0.11901	0.30975	2
0.42959	0.07657	0.33915	0.1547	1
0.33871	0.16825	0.2258	0.26724	1
0.25878	0.18484	0.48059	0.07579	3
0.09546	0.13369	0.51549	0.25536	3
0.13443	0.17294	0.55692	0.13571	3
0.43103	0.32759	0.12069	0.12069	1
0.19104	0.40331	0.27595	0.1297	2
0.08474	0.32207	0.4915	0.10169	3
0.35453	0.19584	0.28363	0.166	1
0.42593	0.2963	0.11111	0.16667	1
0.30297	0.26075	0.21641	0.21987	1
0.22398	0.22416	0.43073	0.12113	3
0.27552	0.27676	0.41328	0.03444	3
0.15099	0.21139	0.48318	0.15444	3
0.35088	0.15789	0.31579	0.17544	1
0.19949	0.11406	0.48448	0.20197	3
0.14129	0.263	0.34312	0.25259	3
0.3333	0.28897	0.2222	0.15554	1
0.21815	0.32723	0.16361	0.29101	2
0.17166	0.18597	0.55654	0.08583	3
0.19532	0.09974	0.56644	0.1385	3
0.07843	0.19611	0.64703	0.07843	3
0.25451	0.19997	0.34541	0.20011	3
0.27792	0.22581	0.29529	0.20099	3
0.14	0.38	0.22	0.26	2
0.18745	0.25018	0.46864	0.09373	3
0.38939	0.09954	0.41373	0.09735	3
0.25	0.25	0.325	0.175	3
0.04959	0.19838	0.59514	0.15689	3
0.08984	0.14267	0.58398	0.18351	3
0.2033	0.34943	0.30496	0.14231	2
0.3278	0.22859	0.28924	0.15437	1
0.04688	0.3125	0.45312	0.1875	3
0.33022	0.25252	0.3108	0.10645	1
0.23729	0.27119	0.40678	0.08475	3
0.07494	0.113	0.6932	0.11887	3
0.35962	0.14808	0.38077	0.11153	3
0.19849	0.02803	0.71858	0.0549	3
0.23881	0.52239	0.13433	0.10448	2
0.16279	0.18605	0.53488	0.11628	3
0.37097	0.33871	0.12903	0.16129	1
0.03625	0.16315	0.63438	0.16622	3
0.32535	0.45776	0.19521	0.02169	2
0.34878	0.14911	0.38982	0.11229	3
0.07254	0.14517	0.70718	0.07512	3
0.287	0.26786	0.13393	0.31121	4
0.12621	0.23139	0.46277	0.17963	3
0.11667	0.35	0.4	0.13333	3
0.26426	0.12553	0.3964	0.21381	3
0.30151	0.27136	0.24121	0.18593	1
0.11111	0.33333	0.4	0.15556	3
0.44949	0.12599	0.04994	0.37457	1
0.28814	0.25424	0.22034	0.23729	1
0.14084	0.09305	0.68391	0.08219	3
0.06465	0.04605	0.75426	0.13504	3
0.14	0.38	0.24	0.24	2
0.31915	0.23404	0.21277	0.23404	1
0.08067	0.25814	0.53166	0.12954	3
0.2381	0.31746	0.26984	0.1746	2
0.2222	0.02787	0.63883	0.1111	3
0.08002	0.24138	0.56657	0.11203	3
0.35593	0.16949	0.33898	0.13559	1
0.31203	0.15753	0.37443	0.15601	3
0.1144	0.27171	0.49924	0.11465	3
0.16668	0.41669	0.29162	0.12501	2
0.22831	0.11415	0.62785	0.02969	3
0.06045	0.17335	0.52388	0.24232	3
0.31871	0.22768	0.31871	0.1349	3
0.39948	0.16425	0.30869	0.12759	1
0.27233	0.16484	0.41758	0.14524	3
0.17808	0.17808	0.48082	0.16301	3
0.17451	0.15894	0.47117	0.19539	3
0.17887	0.17894	0.45711	0.18509	3
0.03746	0.18731	0.54321	0.23201	3
0.18869	0.12008	0.60038	0.09086	3
0.11864	0.32203	0.18644	0.37288	4
0.28918	0.35433	0.16065	0.19584	2
0.13112	0.21055	0.59939	0.05894	3
0.45614	0.22807	0.17544	0.14035	1
0.41681	0.21207	0.11578	0.25534	1
0.29279	0.24112	0.36169	0.10439	3
0.12308	0.2	0.53846	0.13846	3
0.11111	0.24444	0.48889	0.15556	3
0.01611	0.17854	0.57986	0.2255	3
0.28943	0.29561	0.20674	0.20821	2
0.38071	0.32511	0.06922	0.22496	1
0.03773	0.15093	0.66024	0.15109	3
0.30613	0.15307	0.32526	0.21554	3
0.44422	0.2004	0.17769	0.17769	1
0.24412	0.20505	0.4679	0.08294	3
0.14691	0.14691	0.52468	0.1815	3
0.14811	0.25945	0.44433	0.14811	3
0.23977	0.36062	0.27973	0.11988	2
0.09863	0.18248	0.64937	0.06953	3
0.10638	0.44681	0.23404	0.21277	2
0.23077	0.23077	0.21154	0.32692	4
0.25414	0.36532	0.27002	0.11052	2
0.13194	0.07639	0.73512	0.05655	3
0.47523	0.09707	0.19009	0.23761	1
0.06662	0.08391	0.69956	0.14991	3
0.39532	0.13953	0.39532	0.06982	3
0.06662	0.2179	0.54962	0.16586	3
0.15115	0.24398	0.496	0.10886	3
0.09228	0.32297	0.39987	0.18488	3
0.17704	0.24142	0.46675	0.11478	3
0.11608	0.38382	0.33165	0.16845	2
0.08175	0.11665	0.74637	0.05523	3
0.11881	0.16705	0.54653	0.16761	3
0.4911	0.36859	0.01754	0.12277	1
0.33203	0.20312	0.33203	0.13281	3
0.14698	0.28346	0.36745	0.2021	3
0.18627	0.254	0.3048	0.25493	3
0.25277	0.25373	0.25277	0.24072	2
0.17288	0.1163	0.63388	0.07694	3
0.0624	0.3744	0.3744	0.18879	3
0.19565	0.19565	0.36957	0.23913	3
0.20788	0.23492	0.41577	0.14143	3
0.11992	0.17215	0.58245	0.12548	3
0.22164	0.15732	0.44327	0.17778	3
0.29082	0.35314	0.06232	0.29371	2
0.3652	0.253	0.2324	0.1494	1
0.15084	0.20809	0.47138	0.1697	3
0.32752	0.29706	0.23394	0.14148	1
0.23694	0.18599	0.44755	0.12953	3
0.2	0.2	0.45455	0.14545	3
0.17651	0.19622	0.48971	0.13757	3
0.4375	0.23438	0.15625	0.17188	1
0.14173	0.47244	0.18898	0.19685	2
0.34857	0.22811	0.36908	0.05424	3
0.28267	0.28267	0.13191	0.30276	4
0.36846	0.22463	0.25792	0.14898	1
0.05997	0.24038	0.55972	0.13993	3
0.33962	0.24528	0.11321	0.30189	1
0.09174	0.12842	0.62692	0.15291	3
0.4361	0.30648	0.03634	0.22108	1
0.33805	0.0926	0.4626	0.10675	3
0.14889	0.38287	0.25524	0.213	2
0.43216	0.06838	0.31844	0.18102	1
0.42734	0.15642	0.13597	0.28027	1
0.13333	0.41667	0.21667	0.23333	2
0.16079	0.34076	0.27334	0.22511	2
0.16	0.28	0.46	0.1	3
0.08748	0.24494	0.47238	0.19521	3
0.28571	0.2449	0.22449	0.2449	1
0.29122	0.16277	0.40771	0.13829	3
0.17647	0.29412	0.37255	0.15686	3
0.14579	0.14607	0.58317	0.12497	3
0.20441	0.13693	0.49967	0.15899	3
0.45788	0.22946	0.12488	0.18778	1
0.15381	0.07697	0.7306	0.03861	3
0.15543	0.2176	0.52845	0.09853	3
0.36202	0.09273	0.33804	0.2072	1
0.26305	0.42088	0.12276	0.19331	2
0.37698	0.27755	0.14137	0.2041	1
0.36508	0.20635	0.30159	0.12698	1
0.19495	0.41515	0.17058	0.21932	2
0.06876	0.13782	0.68757	0.10585	3
0.23662	0.14561	0.39935	0.21842	3
0.24658	0.39726	0.13699	0.21918	2
0.16459	0.19535	0.45719	0.18287	3
0.25887	0.31584	0.2034	0.22189	2
0.14967	0.29934	0.39913	0.15186	3
0.27031	0.23693	0.3041	0.18866	3
0.14381	0.20906	0.4494	0.19774	3
0.26786	0.25	0.41071	0.07143	3
0.11904	0.12026	0.71246	0.04825	3
0.17937	0.02105	0.67762	0.12196	3
0.23935	0.42156	0.23935	0.09973	2
0.26246	0.13123	0.39369	0.21262	3
0.52656	0.25147	0.10126	0.1207	1
0.16659	0.12543	0.64552	0.06247	3
0.10883	0.22007	0.41717	0.25393	3
0.4551	0.17648	0.13003	0.23839	1
0.13291	0.16613	0.51452	0.18644	3
0.26154	0.43077	0.15385	0.15385	2
0.33333	0.375	0.04167	0.25	2
0.13876	0.4681	0.16188	0.23126	2
0.09565	0.12753	0.60104	0.17578	3
0.2	0.23636	0.27273	0.29091	4
0.2459	0.34426	0.2459	0.16393	2
0.32628	0.32628	0.21752	0.12991	2
0.19149	0.19149	0.51064	0.10638	3
0.03716	0.22888	0.57592	0.15804	3
0.32478	0.04997	0.52465	0.1006	3
0.29408	0.29408	0.19606	0.21578	2
0.16384	0.28299	0.34257	0.2106	3
0.09798	0.33373	0.39192	0.17637	3
0.21124	0.15256	0.42239	0.2138	3
0.14289	0.28578	0.49859	0.07274	3
0.19873	0.10205	0.5962	0.10301	3
0.16071	0.375	0.17857	0.28571	2
0.16014	0.2202	0.55955	0.06011	3
0.18	0.26	0.28	0.28	4
0.29231	0.26154	0.21538	0.23077	1
0.20115	0.39655	0.38218	0.02011	2
0.15385	0.38462	0.28846	0.17308	2
0.24198	0.27405	0.36298	0.12099	3
0.25455	0.32727	0.23636	0.18182	2
0.12415	0.131	0.58522	0.15963	3
0.26	0.38	0.08	0.28	2
0.06691	0.20074	0.62451	0.10784	3
0.12	0.08	0.64	0.16	3
0.12698	0.36508	0.34921	0.15873	2
0.23891	0.20271	0.438	0.12039	3
0.16393	0.36066	0.19672	0.27869	2
0.26786	0.17857	0.39286	0.16071	3
0.32584	0.17453	0.2824	0.21723	1
0.26627	0.25444	0.12426	0.35503	4
0.12979	0.15142	0.56112	0.15768	3
0.18919	0.10811	0.56757	0.13514	3
0.19697	0.42424	0.21212	0.16667	2
0.12294	0.24587	0.43801	0.19318	3
0.27887	0.35512	0.27887	0.08715	2
0.05756	0.19284	0.57563	0.17397	3
0.21085	0.30669	0.32585	0.15661	3
0.21739	0.34783	0.15942	0.27536	2
