0.00032	0.07122	0.75162	0.17683	3
0.24231	0.28897	0.37997	0.08876	3
0.006	0.79549	0.02161	0.1769	2
0.07337	0.659	0.16141	0.10622	2
0.04269	0.67954	0.09628	0.18149	2
0.66205	0.14445	0.06891	0.12459	1
0.07934	0.39819	0.04175	0.48072	4
0.65532	0.15919	0.00923	0.17626	1
0.05973	0.74179	0.06775	0.13074	2
0.00577	0.22199	0.48304	0.2892	3
0.03071	0.71091	0.04386	0.21452	2
0.00416	0.88484	0.00282	0.10818	2
0.10581	0.17185	0.08357	0.63877	4
0.13705	0.13058	0.37423	0.35813	3
0.00438	0.68107	0.01019	0.30436	2
0.77361	0.13208	0.05152	0.04279	1
0.66868	0.15011	0.02569	0.15552	1
0.17491	0.52324	0.07498	0.22687	2
0.02397	0.09292	0.73951	0.1436	3
0.01656	0.25059	0.55716	0.17569	3
0.01396	0.54116	0.19036	0.25451	2
0.41743	0.47727	0.02643	0.07888	2
0.0092	0.75854	0.01193	0.22033	2
0.0186	0.50441	0.23096	0.24602	2
0.00797	0.8755	0.01477	0.10176	2
0.00074	0.51176	0.13882	0.34868	2
0.14213	0.20104	0.05477	0.60206	4
0.03417	0.38962	0.31147	0.26474	2
0.03026	0.59989	0.04249	0.32737	2
0.18872	0.57662	0.00717	0.22749	2
0.671	0.08543	0.12103	0.12253	1
0.00107	0.76407	0.07878	0.15608	2
0.11559	0.04425	0.7155	0.12466	3
0.01345	0.42212	0.17726	0.38717	4
0.06158	0.3635	0.15273	0.42219	4
0.002	0.67814	0.19702	0.12284	2
0.74462	0.16722	0.04285	0.0453	1
0.14425	0.39533	0.12955	0.33088	2
0.00014	0.00526	0.94114	0.05347	3
0.00985	0.68093	0.04372	0.2655	2
0.00222	0.0096	0.97906	0.00913	3
0.00118	0.00539	0.98156	0.01187	3
0.14818	0.74152	0.00305	0.10725	2
0.00542	0.05347	0.76321	0.17791	3
0.00835	0.56392	0.00568	0.42204	2
0.01447	0.0876	0.77982	0.1181	3
0.04962	0.25221	0.46098	0.23719	3
0.00185	0.00193	0.98891	0.00731	3
0.00382	0.0329	0.8978	0.06548	3
0.00126	0.27296	0.58246	0.14332	3
0.01938	0.12657	0.79444	0.05961	3
0.0187	0.25994	0.62771	0.09364	3
0.06375	0.11296	0.40046	0.42282	4
0.02088	0.47621	0.05091	0.452	2
0.13993	0.24027	0.42989	0.18991	3
0.00169	0.04421	0.93476	0.01935	3
0.2451	0.25872	0.24338	0.2528	3
0.27919	0.50419	0.0039	0.21271	2
0.00232	0.01184	0.93442	0.05142	3
0.0	0.0	0.99893	0.00107	3
0.02214	0.10008	0.80844	0.06934	3
0.00468	0.20209	0.65542	0.13782	3
0.03829	0.82267	0.02742	0.11163	2
0.18544	0.64631	0.03901	0.12923	2
0.00486	0.20061	0.51409	0.28045	3
0.00879	0.84184	0.01596	0.13341	2
0.00026	0.04117	0.9317	0.02687	3
0.00829	0.06521	0.85827	0.06824	3
0.05465	0.78642	0.01918	0.13975	2
0.04658	0.38933	0.02906	0.53502	4
0.34962	0.13014	0.39339	0.12684	3
0.0706	0.09156	0.6649	0.17294	3
0.00486	0.01739	0.9617	0.01605	3
0.00412	0.06598	0.85343	0.07646	3
0.08153	0.33095	0.36562	0.22191	3
0.0228	0.0011	0.97427	0.00184	3
0.4005	0.42162	0.00859	0.1693	2
0.00468	0.0109	0.96652	0.0179	3
0.00309	0.06272	0.70171	0.23248	3
0.01364	0.14707	0.71715	0.12214	3
0.05336	0.55905	0.09205	0.29554	2
6e-05	0.04524	0.86889	0.08581	3
0.00334	0.58744	0.03783	0.37139	2
0.0008	0.00315	0.99164	0.00442	3
0.16839	0.44479	0.1294	0.25741	2
0.03281	0.06899	0.78828	0.10992	3
0.00011	0.01443	0.95839	0.02708	3
0.00249	0.63507	0.01688	0.34557	2
0.02758	0.75547	0.00832	0.20863	2
0.00075	0.05397	0.80958	0.1357	3
0.02779	0.51603	0.04097	0.41521	2
0.145	0.57087	0.00307	0.28107	2
0.30644	0.47613	0.00911	0.20832	2
0.00321	0.59363	0.01352	0.38964	2
0.09477	0.01324	0.87457	0.01741	3
0.23005	0.37459	0.28574	0.10962	2
0.00429	0.00509	0.9751	0.01552	3
0.02877	0.5841	0.10583	0.2813	2
0.38268	0.37649	0.00405	0.23679	2
0.58515	0.09746	0.2166	0.10079	1
0.01075	0.00486	0.96504	0.01936	3
0.00084	0.01404	0.97591	0.0092	3
0.03282	0.21351	0.41985	0.33382	3
0.00702	0.6363	0.08289	0.27379	2
0.00023	0.02142	0.95345	0.0249	3
0.04015	0.09871	0.80622	0.05492	3
0.0049	0.56621	0.06534	0.36355	2
0.00739	0.4025	0.02603	0.56408	4
0.00058	0.00094	0.99489	0.00359	3
0.00305	0.09624	0.75088	0.14983	3
0.01686	0.46997	0.02727	0.48591	4
0.00234	0.31509	0.4314	0.25116	3
0.04415	0.09585	0.79884	0.06117	3
0.09274	0.09709	0.77114	0.03903	3
0.02919	0.58089	0.06003	0.3299	2
0.03679	0.67814	0.00685	0.27822	2
0.00091	0.65471	0.17554	0.16884	2
0.00962	0.14832	0.80024	0.04182	3
0.04949	0.38343	0.40511	0.16197	3
0.01963	0.85126	0.0216	0.10751	2
0.00105	0.00633	0.96541	0.02721	3
0.00159	0.06659	0.86834	0.06348	3
0.01622	0.56275	0.01536	0.40567	2
0.00306	0.03756	0.85636	0.10302	3
0.00912	0.72596	0.00654	0.25838	2
0.00085	0.00517	0.97615	0.01783	3
0.00033	0.01075	0.98015	0.00878	3
0.01664	0.66624	0.02026	0.29687	2
0.41875	0.18507	0.06499	0.33119	1
0.06753	0.15891	0.66072	0.11284	3
0.13348	0.26828	0.46895	0.12929	3
0.00386	0.86733	0.02523	0.10359	2
0.02458	0.01167	0.93007	0.03368	3
0.0343	0.48316	0.05614	0.4264	2
0.0	0.0	0.99912	0.00088	3
0.00014	0.01498	0.96833	0.01655	3
0.26867	0.34551	0.0941	0.29172	2
0.0258	0.05934	0.8546	0.06026	3
0.0014	0.0028	0.99011	0.0057	3
0.01527	0.77669	0.08453	0.1235	2
0.00392	0.63817	0.02611	0.3318	2
0.00044	0.01152	0.96958	0.01847	3
0.0	0.0	0.9991	0.0009	3
0.02009	0.38231	0.30699	0.29061	2
0.00092	0.00157	0.99086	0.00666	3
0.00228	0.68388	0.01168	0.30216	2
0.09462	0.12206	0.66669	0.11663	3
0.00907	0.67697	0.01481	0.29915	2
0.22253	0.09062	0.63284	0.05401	3
0.00212	0.00534	0.98115	0.01139	3
0.0897	0.15198	0.52427	0.23405	3
0.17144	0.3507	0.15482	0.32304	4
0.00561	0.27568	0.54276	0.17595	3
0.00892	0.04572	0.83727	0.10809	3
0.00018	0.00945	0.9093	0.08108	3
0.03635	0.21823	0.58219	0.16322	3
0.00205	0.00524	0.97173	0.02098	3
0.00311	0.26471	0.30622	0.42596	4
0.05857	0.10744	0.71993	0.11406	3
0.00748	0.31521	0.1473	0.53001	4
0.01869	0.20051	0.57524	0.20557	3
0.00056	0.00361	0.97643	0.0194	3
0.30314	0.01207	0.67378	0.01101	3
0.04165	0.46479	0.03316	0.4604	4
0.20525	0.55764	0.01023	0.22688	2
0.00247	0.80075	0.01404	0.18274	2
0.0002	0.0133	0.93949	0.04701	3
0.10237	0.59379	0.023	0.28084	2
0.00618	0.22199	0.5593	0.21253	3
0.01196	0.54509	0.04271	0.40024	2
0.05949	0.28313	0.39732	0.26006	3
0.10187	0.69277	0.039	0.16635	2
0.00089	0.1596	0.08178	0.75773	4
0.02388	0.29545	0.14117	0.5395	4
0.0171	0.01928	0.87143	0.09219	3
0.01233	0.6374	0.08342	0.26685	2
0.00386	0.00376	0.97983	0.01255	3
0.01434	0.0813	0.77178	0.13258	3
0.08831	0.72851	0.07502	0.10816	2
0.0074	0.46096	0.26539	0.26625	2
0.09936	0.67977	0.00618	0.21469	2
0.00098	0.01192	0.96793	0.01916	3
0.04337	0.78517	0.08428	0.08719	2
0.01455	0.01112	0.95813	0.0162	3
0.00318	0.30974	0.43027	0.25682	3
0.01677	0.02771	0.92489	0.03063	3
0.00819	0.03591	0.89394	0.06196	3
0.03868	0.30469	0.5037	0.15294	3
0.05373	0.31463	0.41361	0.21803	3
0.00171	0.03191	0.90394	0.06244	3
0.12256	0.46545	0.10701	0.30498	2
0.16946	0.19967	0.50528	0.12559	3
0.00029	0.00482	0.9503	0.04459	3
0.00101	0.00201	0.98985	0.00713	3
0.00948	0.32896	0.32422	0.33735	2
0.00883	0.11899	0.76472	0.10746	3
0.0045	0.16475	0.58941	0.24134	3
0.81789	0.16661	0.00084	0.01466	1
0.00586	0.01558	0.94617	0.03239	3
0.00256	0.01418	0.975	0.00827	3
0.00099	0.00643	0.95968	0.0329	3
0.01353	0.01145	0.93938	0.03563	3
0.00937	0.2431	0.41722	0.3303	3
0.01622	0.83594	0.0124	0.13544	2
0.14845	0.28255	0.01745	0.55155	4
0.09005	0.10043	0.6049	0.20463	3
0.0031	0.3675	0.51267	0.11673	3
0.02214	0.6188	0.06179	0.29727	2
0.00072	0.04083	0.8272	0.13126	3
0.00146	0.00913	0.98124	0.00818	3
0.14544	0.20816	0.47673	0.16967	3
0.04012	0.59089	0.21634	0.15264	2
0.01455	0.80998	0.05443	0.12104	2
7e-05	0.00708	0.9554	0.03744	3
0.08584	0.1678	0.68914	0.05723	3
0.00346	0.01754	0.92729	0.05171	3
0.00115	0.54416	0.22136	0.23333	2
0.01845	0.12238	0.81624	0.04293	3
0.3956	0.416	0.03711	0.1513	2
0.0062	0.4804	0.03976	0.47364	4
0.00296	0.00297	0.98291	0.01115	3
0.00041	0.00159	0.99582	0.00218	3
0.02055	0.67816	0.01481	0.28649	2
0.00224	0.00206	0.98954	0.00616	3
0.0021	0.18939	0.52586	0.28265	3
0.02523	0.24382	0.28288	0.44807	4
0.06383	0.59876	0.08759	0.24982	2
0.00645	0.28082	0.39544	0.31729	3
0.00061	0.06037	0.84813	0.09088	3
0.0162	0.06262	0.79596	0.12523	3
1e-05	1e-05	0.99592	0.00406	3
0.38377	0.34667	0.03883	0.23072	1
0.00241	0.24049	0.54313	0.21397	3
0.00112	0.02254	0.93143	0.04492	3
0.21537	0.05107	0.71667	0.01689	3
0.10687	0.08767	0.6756	0.12986	3
0.00075	0.0229	0.91202	0.06433	3
0.02135	0.80165	0.041	0.13599	2
0.04274	0.44091	0.01768	0.49867	4
0.00555	0.00638	0.96113	0.02694	3
0.01855	0.11398	0.73881	0.12866	3
0.03322	0.51624	0.2575	0.19304	2
0.00384	0.28622	0.55193	0.15801	3
0.01344	0.10269	0.74484	0.13903	3
7e-05	0.02363	0.95984	0.01646	3
0.00657	0.04394	0.89331	0.05618	3
0.05157	0.41517	0.35124	0.18202	2
0.00541	0.01075	0.94086	0.04297	3
0.00121	0.00703	0.96232	0.02944	3
0.95582	0.01588	0.00594	0.02236	1
0.01376	0.57616	0.15363	0.25645	2
0.01618	0.03315	0.88196	0.06871	3
0.12061	0.62046	0.00439	0.25454	2
0.02774	0.70035	0.08133	0.19058	2
0.00169	0.67351	0.01375	0.31104	2
0.06434	0.16949	0.64147	0.12471	3
0.00866	0.36577	0.53022	0.09536	3
0.00396	0.00503	0.96897	0.02205	3
0.0	0.0	0.99815	0.00185	3
0.00317	0.03339	0.90484	0.0586	3
0.66115	0.22295	0.04653	0.06937	1
0.24884	0.49657	0.11894	0.13566	2
0.00108	0.50622	0.23955	0.25315	2
0.132	0.03129	0.77929	0.05742	3
0.00202	0.45073	0.18394	0.36331	2
0.02172	0.2935	0.60899	0.0758	3
0.01026	0.53707	0.22543	0.22724	2
0.42159	0.40126	0.0015	0.17565	1
0.0	0.0	0.99976	0.00024	3
0.02619	0.04186	0.89212	0.03984	3
0.00539	0.07389	0.89151	0.02921	3
0.01452	0.01535	0.94318	0.02694	3
0.01203	0.75316	0.11492	0.11989	2
0.00847	0.03275	0.7856	0.17318	3
0.00045	0.85897	0.00539	0.13519	2
0.03048	0.10267	0.80501	0.06184	3
0.13207	0.69072	0.01122	0.16599	2
0.00528	0.0024	0.98936	0.00296	3
0.02235	0.06362	0.83074	0.08329	3
0.00032	0.00335	0.98828	0.00805	3
0.06355	0.62836	0.03363	0.27446	2
0.33853	0.3078	0.08284	0.27083	1
0.00263	0.01523	0.97554	0.0066	3
0.11709	0.34821	0.01887	0.51584	4
0.02541	0.50289	0.15148	0.32022	2
0.00261	0.12395	0.76389	0.10955	3
0.08451	0.47351	0.19473	0.24725	2
0.00285	0.81862	0.01315	0.16538	2
0.0011	0.7752	0.03099	0.19271	2
0.01097	0.13184	0.5509	0.30629	3
0.1872	0.6356	0.07965	0.09755	2
0.00396	0.05927	0.83992	0.09685	3
0.00381	0.91267	0.00253	0.08099	2
0.00675	0.87552	0.05889	0.05884	2
0.07429	0.65244	0.04366	0.2296	2
0.19335	0.40266	0.0279	0.37609	2
0.0275	0.02745	0.91677	0.02828	3
0.00308	0.17146	0.4872	0.33826	3
0.00333	0.34767	0.53195	0.11705	3
0.34547	0.2447	0.04105	0.36878	4
0.01188	0.06499	0.78348	0.13965	3
0.00052	0.00493	0.97863	0.01592	3
0.01719	0.00866	0.96387	0.01029	3
0.43877	0.20769	0.19592	0.15763	1
0.1018	0.07832	0.78796	0.03192	3
0.00122	0.07628	0.82407	0.09843	3
0.36762	0.4566	0.00476	0.17103	2
0.08171	0.67298	0.02304	0.22227	2
0.40241	0.3354	0.06402	0.19816	1
0.01563	0.38078	0.49158	0.11201	3
0.00071	0.0056	0.98985	0.00384	3
0.0161	0.40633	0.34098	0.23659	2
0.07191	0.17858	0.55982	0.18969	3
0.01631	0.60177	0.09802	0.2839	2
0.73971	0.09921	0.04616	0.11492	1
0.833	0.10122	0.00359	0.06219	1
0.00722	0.71765	0.12001	0.15512	2
0.03586	0.35094	0.55732	0.05588	3
0.00584	0.59158	0.14469	0.25789	2
0.00585	0.2418	0.36399	0.38836	4
0.08409	0.02221	0.85644	0.03726	3
0.00132	0.01147	0.97197	0.01524	3
0.03952	0.59496	0.23025	0.13526	2
0.00339	0.04901	0.83776	0.10984	3
0.16923	0.18267	0.55435	0.09374	3
0.77384	0.16875	0.01028	0.04713	1
0.00653	0.00424	0.94455	0.04468	3
0.00688	0.0153	0.96252	0.01529	3
0.01326	0.22605	0.41318	0.3475	3
0.00679	0.3125	0.58351	0.0972	3
0.03247	0.1258	0.61549	0.22624	3
0.00578	0.55882	0.01289	0.4225	2
0.00646	0.31325	0.34419	0.3361	2
0.00591	0.63446	0.00665	0.35297	2
0.01737	0.53901	0.29009	0.15353	2
0.04747	0.39914	0.33283	0.22056	2
0.02658	0.58101	0.29518	0.09723	2
0.02203	0.75861	0.00868	0.21068	2
0.0297	0.1657	0.66393	0.14067	3
0.01191	0.56418	0.25529	0.16862	2
0.00897	0.0082	0.97963	0.0032	3
1e-05	1e-05	0.99688	0.00311	3
0.27439	0.46822	0.11168	0.1457	2
0.00146	0.0198	0.96131	0.01743	3
0.02629	0.08043	0.71939	0.17388	3
0.00886	0.07962	0.76903	0.1425	3
0.30168	0.09083	0.55307	0.05442	3
0.1088	0.60463	0.01111	0.27546	2
0.27036	0.41958	0.00521	0.30485	2
0.01301	0.16875	0.58983	0.22841	3
0.00687	0.82473	0.01888	0.14952	2
0.09787	0.15533	0.61415	0.13264	3
0.04122	0.64265	0.01603	0.3001	2
0.00121	0.57477	0.12165	0.30236	2
0.00102	0.01916	0.95841	0.02141	3
0.00132	0.0066	0.96852	0.02356	3
0.62835	0.27326	0.0459	0.05249	1
0.0006	0.01237	0.97055	0.01649	3
0.00476	0.00053	0.99367	0.00104	3
0.00023	0.00532	0.98273	0.01173	3
0.01147	0.41229	0.30932	0.26692	2
0.04692	0.66991	0.14817	0.135	2
0.00782	0.773	0.01338	0.20579	2
0.07962	0.12275	0.23053	0.56711	4
0.00228	0.08737	0.55717	0.35318	3
0.00198	0.00951	0.95841	0.03009	3
0.00653	0.81628	0.00659	0.1706	2
0.1373	0.52819	0.0219	0.31262	2
0.1857	0.56143	0.00598	0.24689	2
0.03903	0.7021	0.00859	0.25029	2
0.00583	0.03141	0.91477	0.04799	3
0.00511	0.0378	0.77095	0.18614	3
0.00112	0.00633	0.99022	0.00232	3
0.00155	0.0031	0.99316	0.00218	3
0.03688	0.68272	0.05837	0.22204	2
0.00924	0.31088	0.55934	0.12053	3
0.04592	0.45757	0.04356	0.45295	4
0.00192	0.86117	0.00646	0.13046	2
0.00149	0.53433	0.15989	0.30429	2
0.02689	0.46293	0.08519	0.42498	2
0.02057	0.05662	0.83233	0.09049	3
0.13957	0.49102	0.19605	0.17335	2
0.00234	0.03024	0.89759	0.06982	3
0.0326	0.02853	0.89441	0.04446	3
0.00989	0.01891	0.9195	0.05169	3
0.00184	0.10484	0.7835	0.10982	3
0.0303	0.54923	0.05982	0.36065	2
0.00427	0.01926	0.96615	0.01033	3
0.00133	0.01544	0.96906	0.01417	3
0.00643	0.49282	0.39447	0.10628	2
0.00274	0.06795	0.84664	0.08268	3
0.00245	0.45531	0.30496	0.23728	2
0.00383	0.40749	0.32767	0.26101	2
0.00014	0.00513	0.97799	0.01674	3
0.18967	0.10965	0.50738	0.1933	3
0.45158	0.37463	0.02127	0.15252	1
0.00457	0.33916	0.55513	0.10114	3
0.04031	0.06423	0.80303	0.09243	3
0.02009	0.0511	0.75583	0.17298	3
0.23316	0.32991	0.08687	0.35006	4
0.00798	0.01289	0.9569	0.02223	3
0.00077	0.0024	0.99076	0.00607	3
0.04982	0.12819	0.64686	0.17513	3
0.41459	0.25312	0.13544	0.19685	1
0.00054	0.69081	0.17238	0.13627	2
0.07314	0.60555	0.13848	0.18283	2
0.00533	0.01544	0.95655	0.02268	3
0.00093	0.30577	0.45654	0.23675	3
0.03678	0.32405	0.27708	0.3621	4
0.00015	0.00015	0.98579	0.01391	3
0.09645	0.06157	0.73892	0.10307	3
0.0309	0.05831	0.87334	0.03746	3
0.64383	0.22203	0.01111	0.12304	1
0.01077	0.14557	0.46536	0.3783	3
0.00436	0.59596	0.20795	0.19172	2
0.00592	0.28514	0.59346	0.11548	3
0.03395	0.06942	0.644	0.25263	3
0.00292	0.13956	0.65865	0.19886	3
0.01756	0.02827	0.91068	0.0435	3
0.06445	0.86655	0.02253	0.04647	2
0.00567	0.00542	0.96863	0.02028	3
0.02573	0.63786	0.04885	0.28755	2
0.00195	0.00591	0.98749	0.00465	3
0.02264	0.05905	0.87877	0.03954	3
0.01072	0.10731	0.73496	0.14701	3
0.02537	0.12365	0.49657	0.35441	3
0.00207	0.84361	0.00903	0.1453	2
0.00291	0.0319	0.9468	0.01839	3
0.12121	0.3009	0.40387	0.17402	3
0.66576	0.19862	0.00528	0.13035	1
0.01645	0.25019	0.33736	0.39599	4
0.00358	0.07447	0.87687	0.04509	3
0.00975	0.47871	0.39776	0.11378	2
0.0678	0.34411	0.29349	0.2946	2
0.01335	0.13199	0.71256	0.1421	3
0.00749	0.34212	0.53688	0.11351	3
0.00723	0.00628	0.96926	0.01722	3
0.00333	0.0157	0.95988	0.02109	3
0.09108	0.49756	0.17591	0.23544	2
0.01695	0.11823	0.68309	0.18173	3
0.00597	0.468	0.47693	0.04911	2
0.04488	0.46349	0.19917	0.29246	2
0.01151	0.04916	0.82341	0.11592	3
0.01528	0.21218	0.53066	0.24188	3
0.08068	0.18376	0.67268	0.06288	3
0.00086	0.00099	0.99366	0.00449	3
0.00129	0.00801	0.97903	0.01167	3
0.02769	0.21939	0.10859	0.64433	4
0.0293	0.34878	0.27649	0.34543	2
0.01223	0.12339	0.78108	0.0833	3
5e-05	0.00837	0.97553	0.01606	3
0.00209	0.60471	0.03003	0.36316	2
0.00427	0.86665	0.00106	0.12802	2
0.03069	0.76689	0.01327	0.18915	2
0.02013	0.44219	0.01808	0.5196	4
0.31793	0.29377	0.00725	0.38104	4
0.13783	0.0611	0.74088	0.06019	3
0.0385	0.07922	0.40851	0.47377	4
0.06182	0.06914	0.76094	0.1081	3
0.01148	0.81086	0.00109	0.17657	2
0.00096	0.03916	0.84554	0.11433	3
0.00035	0.00265	0.99143	0.00556	3
0.01621	0.4218	0.45721	0.10477	3
0.10907	0.24601	0.55068	0.09425	3
0.0001	0.00098	0.99351	0.00541	3
0.09229	0.06404	0.75162	0.09205	3
0.1111	0.37819	0.00983	0.50089	4
0.2199	0.60475	0.00893	0.16642	2
0.02478	0.36502	0.4428	0.1674	3
0.16358	0.54818	0.00757	0.28067	2
0.04783	0.03608	0.81042	0.10566	3
0.00022	0.01407	0.96033	0.02538	3
0.00202	0.69481	0.05182	0.25135	2
0.0144	0.66997	0.10337	0.21226	2
0.50981	0.19991	0.03995	0.25034	1
0.00709	0.03506	0.93432	0.02353	3
0.00021	0.01539	0.9663	0.0181	3
0.01693	0.07448	0.82885	0.07975	3
0.01183	0.16138	0.59285	0.23393	3
0.10974	0.65631	0.03206	0.20189	2
0.01389	0.05397	0.71493	0.21721	3
0.00225	0.22392	0.61451	0.15932	3
0.01364	0.68803	0.00721	0.29112	2
0.0	0.0	0.99886	0.00114	3
0.04819	0.52015	0.19533	0.23634	2
0.01091	0.04695	0.90192	0.04021	3
0.03703	0.19385	0.62956	0.13956	3
0.00169	0.00591	0.98123	0.01118	3
0.16548	0.29197	0.40372	0.13883	3
0.01531	0.54658	0.01845	0.41966	2
0.01164	0.03068	0.90048	0.0572	3
8e-05	0.0022	0.98976	0.00796	3
0.02596	0.06794	0.81344	0.09267	3
0.00056	0.01431	0.96086	0.02427	3
0.0002	0.69881	0.01423	0.28676	2
0.00235	0.01325	0.96763	0.01678	3
0.17174	0.08347	0.60066	0.14413	3
0.09271	0.29515	0.52677	0.08537	3
0.03221	0.24088	0.39029	0.33661	3
0.00166	0.02129	0.95227	0.02477	3
8e-05	0.00514	0.97758	0.0172	3
0.01215	0.02715	0.8608	0.09991	3
0.07806	0.04859	0.7706	0.10276	3
0.05041	0.53843	0.10375	0.3074	2
0.10348	0.64424	0.07372	0.17856	2
0.00667	0.84793	0.00815	0.13725	2
0.06573	0.72902	0.04886	0.15639	2
0.33016	0.53306	0.00236	0.13442	2
0.11796	0.55372	0.00803	0.32029	2
0.00164	0.34917	0.41884	0.23035	3
0.0613	0.56757	0.01841	0.35272	2
0.0012	0.16012	0.72757	0.11111	3
0.00173	0.02748	0.91249	0.0583	3
0.00571	0.01267	0.96152	0.0201	3
0.01888	0.68397	0.00842	0.28872	2
0.00126	0.00429	0.98092	0.01353	3
0.00548	0.02123	0.91226	0.06103	3
0.00224	0.68095	0.14267	0.17414	2
0.01725	0.02404	0.8404	0.11831	3
0.00227	0.06069	0.90284	0.03419	3
0.00982	0.0052	0.96903	0.01595	3
0.00203	0.018	0.91824	0.06172	3
0.00024	0.00159	0.98905	0.00912	3
0.32962	0.064	0.46035	0.14604	3
0.00895	0.61583	0.11207	0.26315	2
0.00258	0.02601	0.88718	0.08423	3
0.00044	0.05319	0.87874	0.06763	3
0.117	0.69448	0.0419	0.14661	2
0.11336	0.17225	0.56395	0.15044	3
0.001	0.01202	0.96307	0.02391	3
0.00604	0.86464	0.00302	0.12629	2
0.03461	0.79355	0.0266	0.14524	2
0.00062	0.00815	0.97505	0.01619	3
0.00909	0.02233	0.78777	0.18081	3
0.02201	0.80803	0.00311	0.16684	2
0.0788	0.0963	0.77317	0.05172	3
0.04957	0.03944	0.88558	0.02541	3
0.00524	0.03894	0.90687	0.04895	3
0.00043	0.76394	0.00452	0.23111	2
0.48322	0.28525	0.05116	0.18037	1
0.01419	0.36227	0.30834	0.3152	2
0.02572	0.0536	0.83186	0.08882	3
0.04658	0.65173	0.01449	0.28721	2
0.02156	0.17903	0.77414	0.02527	3
0.0002	0.0014	0.99046	0.00794	3
0.25605	0.57362	0.04508	0.12525	2
0.00057	0.08191	0.81974	0.09778	3
0.1926	0.45787	0.05971	0.28981	2
0.05589	0.63336	0.10115	0.20959	2
0.67523	0.18831	0.05566	0.0808	1
0.0136	0.07099	0.66168	0.25373	3
0.00856	0.13063	0.66112	0.19968	3
0.00947	0.01092	0.95943	0.02018	3
0.0006	0.09309	0.67555	0.23076	3
0.74848	0.13373	0.02361	0.09418	1
0.09787	0.26701	0.50008	0.13504	3
0.01515	0.02813	0.90974	0.04697	3
0.00618	0.77424	0.01785	0.20173	2
0.00308	0.05131	0.84086	0.10476	3
0.00689	0.02162	0.9307	0.04079	3
0.00616	0.06989	0.83078	0.09316	3
0.13466	0.50117	0.05445	0.30972	2
0.00141	0.02519	0.91858	0.05481	3
0.26693	0.4781	0.15009	0.10488	2
0.00691	0.51841	0.23754	0.23714	2
0.00286	0.00628	0.96851	0.02234	3
0.11087	0.43154	0.01566	0.44193	4
0.00529	0.77125	0.14099	0.08247	2
0.0589	0.09058	0.74206	0.10847	3
0.05385	0.19808	0.60745	0.14062	3
0.19108	0.10872	0.36223	0.33797	3
0.00267	0.07079	0.81578	0.11076	3
0.19771	0.32613	0.33011	0.14605	2
0.02131	0.0279	0.85384	0.09696	3
0.00082	0.06757	0.77644	0.15516	3
0.00652	0.09884	0.77808	0.11656	3
0.1186	0.25878	0.44641	0.17621	3
0.0017	0.00541	0.98596	0.00693	3
0.0006	0.04959	0.90142	0.0484	3
0.00013	0.10181	0.81501	0.08304	3
0.20741	0.36908	0.32713	0.09638	2
0.04489	0.4973	0.21673	0.24108	2
0.00287	0.0108	0.97682	0.00951	3
0.00105	0.06274	0.89756	0.03865	3
0.06539	0.65249	0.02461	0.25752	2
0.0148	0.10499	0.6734	0.20681	3
0.00431	0.13402	0.51086	0.35081	3
0.00122	0.0049	0.97867	0.01522	3
0.07971	0.74617	0.03944	0.13468	2
0.03464	0.08417	0.85916	0.02203	3
0.03567	0.13177	0.72592	0.10664	3
0.09967	0.52468	0.03967	0.33598	2
0.00796	0.0628	0.83362	0.09561	3
0.00077	0.05606	0.88751	0.05565	3
0.0	0.0	0.99849	0.00151	3
0.12393	0.6224	0.06388	0.18979	2
0.00846	0.63335	0.17262	0.18557	2
0.154	0.61761	0.00239	0.226	2
0.30201	0.5295	0.03651	0.13197	2
0.01608	0.13005	0.57415	0.27971	3
0.00049	0.09037	0.86809	0.04105	3
0.00395	0.00068	0.99114	0.00422	3
0.00086	0.00739	0.96357	0.02819	3
0.1132	0.46279	0.22934	0.19467	2
0.00463	0.03255	0.93836	0.02445	3
0.00118	0.03231	0.9049	0.06161	3
0.00355	0.0041	0.98449	0.00786	3
0.08111	0.46211	0.18574	0.27104	2
0.00068	0.00219	0.9943	0.00283	3
0.01181	0.42798	0.07201	0.4882	4
0.02819	0.82325	0.05039	0.09817	2
0.0	0.0	0.99844	0.00155	3
0.01114	0.76828	0.01614	0.20444	2
0.01895	0.49336	0.22177	0.26592	2
0.00046	0.41234	0.37632	0.21088	2
0.0334	0.00155	0.95367	0.01138	3
0.00078	0.08046	0.86846	0.0503	3
0.07374	0.29889	0.07621	0.55116	4
0.00301	0.02384	0.90643	0.06671	3
0.0	0.0	0.99918	0.00082	3
0.01129	0.39644	0.31073	0.28155	2
0.00242	0.02185	0.93929	0.03643	3
0.00105	0.00933	0.97616	0.01347	3
0.0033	0.00341	0.98431	0.00897	3
0.41348	0.39986	0.00966	0.177	2
0.0005	0.00243	0.99315	0.00392	3
0.01344	0.13354	0.77677	0.07626	3
0.01805	0.10728	0.64119	0.23347	3
0.93033	0.03719	0.00292	0.02956	1
0.42074	0.20728	0.12515	0.24683	1
0.12644	0.1047	0.4593	0.30956	3
0.00813	0.0457	0.85822	0.08795	3
0.04271	0.05726	0.84585	0.05418	3
0.00203	0.54267	0.06443	0.39087	2
0.04049	0.13573	0.56499	0.2588	3
0.00176	0.00857	0.97258	0.01709	3
0.00591	0.7956	0.05998	0.13851	2
0.01282	0.70338	0.00912	0.27468	2
0.13945	0.29186	0.13284	0.43584	4
0.01537	0.76778	0.00824	0.20861	2
0.04635	0.04539	0.84969	0.05857	3
0.43625	0.06214	0.31764	0.18397	1
0.01761	0.02746	0.90491	0.05002	3
0.06633	0.16262	0.67167	0.09939	3
0.16115	0.65325	0.05489	0.1307	2
0.00259	0.01254	0.91333	0.07154	3
0.00549	0.72061	0.07331	0.20059	2
0.00365	0.00109	0.9872	0.00805	3
0.02372	0.06368	0.84047	0.07213	3
0.00097	0.00717	0.98226	0.0096	3
0.06988	0.65484	0.00542	0.26986	2
0.00638	0.15575	0.72231	0.11556	3
0.77344	0.12672	0.01434	0.0855	1
0.12884	0.56679	0.00295	0.30142	2
0.40074	0.28182	0.00269	0.31475	1
0.00052	0.01452	0.95243	0.03253	3
0.00907	0.84219	0.00618	0.14257	2
0.02077	0.0281	0.91115	0.03998	3
0.02947	0.04772	0.86242	0.06039	3
0.0004	0.24803	0.65134	0.10023	3
0.00715	0.0345	0.91661	0.04173	3
0.43877	0.16315	0.30386	0.09422	1
4e-05	0.00228	0.98481	0.01287	3
0.00128	0.01906	0.92837	0.0513	3
0.00561	0.0416	0.87986	0.07293	3
0.02671	0.56963	0.02882	0.37484	2
0.00797	0.00103	0.98407	0.00692	3
0.03082	0.60451	0.00456	0.36011	2
0.00069	0.01412	0.91618	0.069	3
0.1206	0.65076	0.04489	0.18375	2
0.95831	0.02448	0.00293	0.01429	1
0.03205	0.84384	0.00615	0.11796	2
0.00878	0.09098	0.85338	0.04686	3
0.00065	0.01532	0.95491	0.02913	3
0.00977	0.01121	0.96214	0.01688	3
0.36466	0.03257	0.54569	0.05708	3
0.08122	0.33513	0.29731	0.28635	2
0.0176	0.61305	0.03185	0.3375	2
0.00204	0.0211	0.84302	0.13385	3
0.02038	0.64715	0.07996	0.25251	2
0.22513	0.08505	0.60107	0.08874	3
0.00221	0.30572	0.09112	0.60095	4
0.0334	0.10768	0.74712	0.1118	3
0.0057	0.28933	0.08716	0.6178	4
0.0016	0.08176	0.89545	0.02119	3
0.01531	0.45864	0.13928	0.38676	2
0.00117	0.00673	0.98161	0.01049	3
1e-05	1e-05	0.99634	0.00364	3
0.00549	0.43075	0.3707	0.19305	2
0.03701	0.39115	0.37297	0.19888	2
0.08336	0.6815	0.09378	0.14136	2
0.00221	0.02653	0.92141	0.04985	3
0.00947	0.11877	0.78289	0.08887	3
0.0002	0.00551	0.98985	0.00444	3
0.00126	0.00759	0.9868	0.00436	3
0.00026	0.00395	0.99077	0.00502	3
0.00053	0.02523	0.92311	0.05113	3
0.00507	0.0326	0.94334	0.01899	3
0.00043	0.01414	0.97844	0.00699	3
0.02295	0.32083	0.32875	0.32746	2
0.00056	0.00138	0.99266	0.0054	3
0.00171	0.80351	0.00869	0.18609	2
0.00025	0.00534	0.97162	0.02279	3
0.00568	0.00487	0.97826	0.01119	3
0.01775	0.00867	0.93613	0.03745	3
0.02148	0.02588	0.91283	0.03981	3
0.0125	0.39421	0.52102	0.07227	3
0.00334	0.11258	0.79315	0.09093	3
0.17936	0.40244	0.01759	0.4006	4
0.0057	0.02586	0.94504	0.02339	3
0.02059	0.32546	0.37207	0.28187	3
0.03353	0.56171	0.24306	0.1617	2
0.02462	0.77878	0.02073	0.17587	2
0.0187	0.04644	0.83059	0.10427	3
0.00458	0.03299	0.92607	0.03636	3
0.00163	0.00318	0.99	0.00518	3
0.1154	0.61407	0.01117	0.25936	2
0.00223	0.15027	0.64145	0.20606	3
0.00692	0.34422	0.19029	0.45857	4
0.06862	0.39534	0.11617	0.41987	4
0.00077	0.09016	0.77474	0.13434	3
0.00336	0.60145	0.14507	0.25012	2
0.23703	0.51418	0.03074	0.21805	2
0.02866	0.27441	0.39578	0.30115	3
0.02635	0.30657	0.5229	0.14418	3
0.00828	0.64463	0.14161	0.20548	2
0.0532	0.39294	0.12306	0.4308	4
0.04249	0.44687	0.394	0.11664	2
0.00045	0.00134	0.99496	0.00326	3
0.00678	0.03193	0.89174	0.06955	3
0.04402	0.22667	0.24315	0.48615	4
0.00918	0.10016	0.78813	0.10253	3
0.0008	0.00988	0.97534	0.01397	3
0.01218	0.37143	0.49613	0.12026	3
0.11855	0.07333	0.64803	0.1601	3
0.0041	0.01697	0.95106	0.02788	3
0.21145	0.6443	0.00422	0.14004	2
0.05595	0.136	0.55852	0.24954	3
0.00055	0.00205	0.99587	0.00153	3
0.47813	0.03656	0.46755	0.01776	3
0.11086	0.00651	0.8633	0.01933	3
0.88249	0.07387	0.00277	0.04087	1
0.52708	0.20238	0.01419	0.25635	1
0.00967	0.02834	0.82014	0.14185	3
0.01954	0.60039	0.15275	0.22732	2
0.0032	0.00657	0.98313	0.0071	3
0.10396	0.25656	0.25211	0.38738	4
0.00149	0.21504	0.72316	0.0603	3
0.00394	0.37247	0.02982	0.59378	4
0.01114	0.05594	0.83909	0.09383	3
0.01134	0.7627	0.07566	0.15031	2
0.03134	0.03753	0.81921	0.11191	3
0.13517	0.09468	0.72131	0.04884	3
0.00876	0.021	0.87946	0.09078	3
0.00122	0.14672	0.49219	0.35987	3
0.02982	0.7038	0.01883	0.24755	2
0.0685	0.47934	0.04789	0.40426	2
0.01159	0.25086	0.53582	0.20174	3
0.02265	0.18347	0.34542	0.44846	4
0.00344	0.00359	0.98873	0.00423	3
0.00728	0.73691	0.03988	0.21594	2
0.43119	0.29407	0.01478	0.25996	1
0.00502	0.7867	0.00802	0.20026	2
0.00055	0.01657	0.9567	0.02618	3
0.00202	0.04352	0.89629	0.05816	3
0.0011	0.02146	0.89966	0.07778	3
0.00414	0.0051	0.91935	0.0714	3
0.00149	0.01197	0.96034	0.02621	3
0.0	1e-05	0.99746	0.00253	3
0.01044	0.01455	0.93864	0.03637	3
0.04455	0.27933	0.44258	0.23353	3
0.03038	0.03302	0.89542	0.04119	3
0.0048	0.63116	0.16464	0.1994	2
0.02746	0.3009	0.29928	0.37236	4
0.00422	0.0184	0.86055	0.11683	3
0.05054	0.22038	0.52987	0.19921	3
0.10125	0.61939	0.01249	0.26686	2
0.00868	0.08837	0.80271	0.10023	3
0.2735	0.3607	0.05543	0.31037	2
0.00894	0.10426	0.52542	0.36138	3
0.00036	0.01022	0.92042	0.069	3
0.0142	0.02137	0.94991	0.01452	3
0.00014	0.02057	0.95509	0.0242	3
0.03158	0.68557	0.14892	0.13393	2
0.00199	0.08858	0.61407	0.29537	3
0.00094	0.13425	0.57066	0.29415	3
0.02963	0.50968	0.07184	0.38885	2
0.00801	0.03664	0.91246	0.04289	3
0.00496	0.00629	0.97198	0.01678	3
0.01314	0.01269	0.95282	0.02135	3
0.01524	0.03949	0.83501	0.11027	3
0.18425	0.42679	0.03494	0.35403	2
0.09984	0.02271	0.84781	0.02964	3
0.00458	0.68705	0.10944	0.19893	2
0.00168	0.05056	0.81853	0.12923	3
0.00238	0.01885	0.95719	0.02157	3
0.11244	0.1867	0.43134	0.26952	3
0.00342	0.00047	0.99475	0.00135	3
0.05662	0.31677	0.43979	0.18682	3
0.02497	0.60203	0.02055	0.35245	2
0.06078	0.0056	0.9167	0.01691	3
0.25494	0.66315	0.00697	0.07494	2
0.04185	0.57641	0.00524	0.37651	2
0.0153	0.37446	0.14612	0.46412	4
0.0289	0.65566	0.04695	0.26849	2
0.11931	0.58325	0.08391	0.21353	2
0.00241	0.20756	0.58956	0.20047	3
0.00017	0.10358	0.84299	0.05325	3
0.00566	0.04548	0.92271	0.02615	3
0.00415	0.11704	0.74415	0.13466	3
0.13361	0.75976	0.01275	0.09388	2
0.03759	0.37859	0.36032	0.22351	2
0.017	0.04173	0.88886	0.05241	3
0.05345	0.24533	0.5669	0.13433	3
0.00558	0.12641	0.81315	0.05486	3
0.03805	0.79468	0.0055	0.16177	2
0.00121	0.06606	0.80138	0.13135	3
0.01248	0.68929	0.03049	0.26774	2
0.0007	0.00124	0.99626	0.0018	3
0.00225	0.58676	0.07886	0.33212	2
0.01677	0.0643	0.86674	0.0522	3
0.01056	0.48311	0.28658	0.21975	2
0.01644	0.3363	0.32828	0.31899	2
0.00593	0.10224	0.82547	0.06636	3
0.02222	0.03426	0.81878	0.12474	3
0.11177	0.03644	0.79614	0.05566	3
0.04745	0.29139	0.32562	0.33554	4
0.00232	0.00946	0.9803	0.00792	3
0.04108	0.56239	0.27086	0.12567	2
0.0084	0.45615	0.45766	0.07779	2
0.57559	0.2439	0.04507	0.13544	1
0.01823	0.53478	0.12204	0.32495	2
8e-05	0.00275	0.99008	0.00709	3
0.02424	0.06472	0.81475	0.09628	3
0.09198	0.75461	0.01026	0.14315	2
0.00257	0.00974	0.96227	0.02542	3
0.08478	0.52006	0.10147	0.29369	2
0.00111	0.00798	0.97615	0.01477	3
0.00396	0.40481	0.18935	0.40188	2
0.01782	0.01052	0.94504	0.02663	3
0.93373	0.03515	0.00713	0.02399	1
0.45512	0.37407	0.02379	0.14702	1
0.08346	0.34846	0.01603	0.55206	4
0.03276	0.8396	0.01005	0.11759	2
0.0209	0.03825	0.84256	0.0983	3
0.42768	0.30155	0.01687	0.2539	1
0.00359	0.05497	0.84274	0.0987	3
0.03158	0.01948	0.91933	0.02961	3
0.00418	0.21149	0.66058	0.12374	3
0.02528	0.04561	0.78858	0.14052	3
0.00273	0.45828	0.38349	0.15549	2
0.00193	0.07133	0.72242	0.20432	3
0.01922	0.08843	0.73113	0.16122	3
0.18249	0.04295	0.68594	0.08862	3
0.00252	0.22085	0.59847	0.17816	3
0.01331	0.17178	0.57521	0.2397	3
0.00334	0.01519	0.94373	0.03774	3
0.00382	0.03885	0.90677	0.05056	3
0.0025	0.08584	0.75852	0.15314	3
0.13888	0.13518	0.31001	0.41593	4
0.07585	0.69584	0.02387	0.20444	2
0.02971	0.1716	0.63973	0.15897	3
0.0957	0.00465	0.89079	0.00886	3
0.00542	0.10194	0.87733	0.01531	3
0.32268	0.21642	0.24492	0.21597	1
0.00429	0.85372	0.00744	0.13455	2
0.06006	0.00862	0.92254	0.00877	3
0.5726	0.32667	0.05451	0.04622	1
0.0	1e-05	0.99806	0.00194	3
0.00909	0.49918	0.21009	0.28163	2
0.00023	0.7085	0.01075	0.28052	2
0.23458	0.10383	0.55524	0.10636	3
0.00851	0.79424	0.02096	0.17629	2
0.14772	0.35061	0.36593	0.13573	3
0.05641	0.22981	0.38515	0.32863	3
0.00066	0.22181	0.4939	0.28362	3
0.00029	0.00128	0.99618	0.00225	3
0.01497	0.05327	0.86791	0.06385	3
0.00462	0.17376	0.6611	0.16053	3
0.04969	0.54699	0.01781	0.38551	2
0.00012	0.05858	0.88979	0.05151	3
0.07312	0.66497	0.02982	0.23208	2
0.04095	0.10444	0.62324	0.23137	3
0.01964	0.65975	0.01709	0.30352	2
9e-05	0.00086	0.99534	0.00371	3
0.08235	0.25878	0.26735	0.39152	4
0.00243	0.06714	0.87491	0.05552	3
0.00202	0.53208	0.18316	0.28274	2
0.00152	0.02492	0.96564	0.00793	3
0.0425	0.02764	0.87442	0.05544	3
0.57828	0.22526	0.00686	0.18961	1
0.03223	0.24597	0.43757	0.28423	3
0.00102	0.00422	0.98183	0.01293	3
0.00063	0.00969	0.96377	0.02591	3
0.08652	0.18191	0.67956	0.05202	3
0.07693	0.78262	0.01317	0.12728	2
0.41798	0.20976	0.17162	0.20064	1
0.13585	0.68978	0.03246	0.1419	2
0.00143	0.00138	0.99477	0.00242	3
0.0144	0.89454	0.00351	0.08756	2
0.06471	0.18717	0.57029	0.17784	3
0.00716	0.43109	0.33202	0.22972	2
0.00117	0.01198	0.95208	0.03478	3
0.00503	0.10622	0.82981	0.05894	3
0.04051	0.08191	0.68971	0.18787	3
0.00111	0.19844	0.69614	0.1043	3
0.0015	0.012	0.96148	0.02502	3
0.02635	0.62625	0.27008	0.07732	2
0.00238	0.90235	0.00885	0.08642	2
0.00086	0.01656	0.95276	0.02981	3
0.021	0.61098	0.01343	0.3546	2
0.07517	0.6671	0.00525	0.25248	2
0.01683	0.03376	0.88492	0.06448	3
0.02477	0.04886	0.68849	0.23788	3
0.12158	0.07713	0.6684	0.13289	3
0.00158	0.04264	0.90842	0.04736	3
0.02884	0.72099	0.01949	0.23067	2
0.21239	0.34024	0.38749	0.05988	3
0.02168	0.42248	0.24054	0.3153	2
0.01548	0.10435	0.67373	0.20644	3
0.00098	0.00345	0.98017	0.0154	3
0.00037	0.0082	0.97621	0.01522	3
0.00577	0.02126	0.95349	0.01948	3
0.03231	0.03132	0.88815	0.04822	3
0.03169	0.47531	0.09886	0.39413	2
0.0386	0.09329	0.69082	0.17729	3
0.00846	0.05093	0.86315	0.07746	3
0.00192	0.02961	0.93588	0.03259	3
0.08471	0.03982	0.7918	0.08367	3
0.00076	0.04054	0.88801	0.0707	3
0.19873	0.35691	0.33332	0.11105	2
0.09499	0.65366	0.05161	0.19974	2
0.01849	0.48344	0.16897	0.32911	2
0.00085	0.70006	0.00989	0.28919	2
0.08091	0.17817	0.36512	0.3758	4
0.02637	0.39546	0.34421	0.23396	2
0.00362	0.02353	0.95591	0.01693	3
0.01737	0.27469	0.56974	0.1382	3
0.27972	0.44474	0.08779	0.18774	2
0.00117	0.34539	0.03943	0.61401	4
0.01774	0.08534	0.65858	0.23833	3
7e-05	0.00365	0.99364	0.00264	3
0.05018	0.06584	0.82309	0.06089	3
0.00055	0.00396	0.96716	0.02833	3
0.01412	0.17623	0.62442	0.18524	3
0.02092	0.59729	0.01071	0.37108	2
0.00485	0.02841	0.90431	0.06244	3
0.00261	0.45831	0.19754	0.34154	2
0.00814	0.01067	0.95208	0.0291	3
0.05329	0.49323	0.06107	0.39241	2
0.01324	0.34027	0.26839	0.37809	4
0.01629	0.0558	0.84838	0.07953	3
0.01217	0.13932	0.66705	0.18146	3
0.06985	0.21724	0.63243	0.08048	3
0.08756	0.53251	0.02772	0.35221	2
0.00224	0.63535	0.01433	0.34808	2
0.00696	0.81195	0.0051	0.176	2
0.0262	0.73567	0.07228	0.16585	2
0.00209	0.7241	0.05973	0.21408	2
0.00363	0.06247	0.77506	0.15885	3
0.0276	0.66695	0.00597	0.29948	2
0.33751	0.42798	0.05255	0.18196	2
0.0022	0.00199	0.98468	0.01113	3
0.08883	0.45727	0.00277	0.45114	4
0.01938	0.46262	0.18794	0.33007	2
0.01174	0.05932	0.82725	0.1017	3
0.0124	0.63071	0.26719	0.0897	2
0.97454	0.01678	0.00294	0.00574	1
0.0005	0.01406	0.96992	0.01552	3
0.00832	0.41156	0.0162	0.56392	4
0.0787	0.20874	0.62725	0.08531	3
0.00041	0.9261	0.00122	0.07227	2
0.22451	0.43856	0.01148	0.32545	2
0.00031	0.19685	0.63088	0.17196	3
0.00148	0.20484	0.05286	0.74082	4
0.1633	0.50946	0.23077	0.09646	2
0.00752	0.32643	0.5266	0.13944	3
0.00354	0.56652	0.08801	0.34192	2
0.00139	0.39974	0.11452	0.48436	4
0.03715	0.29801	0.49851	0.16633	3
0.00292	0.15218	0.65119	0.1937	3
0.18279	0.38904	0.34154	0.08663	2
0.00068	0.03299	0.90078	0.06555	3
0.00657	0.19379	0.66815	0.13149	3
0.03093	0.52373	0.00356	0.44177	2
0.04909	0.38803	0.30748	0.2554	2
0.17339	0.10171	0.49856	0.22635	3
0.39176	0.10289	0.4212	0.08414	3
0.07518	0.84381	0.01396	0.06706	2
0.00245	0.25902	0.51371	0.22482	3
0.03851	0.1025	0.6717	0.18729	3
0.00241	0.07006	0.88937	0.03816	3
0.00371	0.00544	0.98186	0.00899	3
0.01642	0.11624	0.74383	0.12351	3
0.0162	0.56245	0.05225	0.3691	2
0.05675	0.21805	0.32367	0.40153	4
0.01397	0.01037	0.95297	0.02269	3
0.01334	0.24767	0.34893	0.39006	3
0.00376	0.03917	0.81228	0.14479	3
0.02294	0.52437	0.25666	0.19603	2
0.05424	0.3222	0.3413	0.28226	2
0.01941	0.47404	0.15354	0.35301	2
0.02109	0.03525	0.88583	0.05783	3
0.01193	0.01348	0.95645	0.01815	3
0.00267	0.02504	0.93456	0.03774	3
0.02618	0.00319	0.95638	0.01426	3
0.00582	0.05992	0.57706	0.3572	3
0.403	0.01323	0.5639	0.01987	3
0.00082	0.10827	0.85233	0.03858	3
0.03052	0.45017	0.1525	0.36681	2
0.07255	0.32648	0.05231	0.54866	4
0.01152	0.0788	0.79748	0.1122	3
0.04351	0.05619	0.8482	0.05209	3
0.00178	0.2034	0.60189	0.19293	3
0.00363	0.13518	0.67394	0.18725	3
0.02443	0.71333	0.16672	0.09552	2
0.00269	0.21192	0.64728	0.1381	3
0.06336	0.3878	0.31975	0.2291	2
0.00652	0.76878	0.00581	0.2189	2
0.00809	0.22737	0.45071	0.31383	3
0.00839	0.10707	0.81428	0.07026	3
0.04618	0.1087	0.74854	0.09659	3
0.18692	0.22036	0.01338	0.57934	4
0.01833	0.58158	0.01627	0.38381	2
0.002	0.01989	0.94974	0.02837	3
0.01141	0.01721	0.91096	0.06042	3
0.08589	0.38903	0.01917	0.50591	4
0.02015	0.29943	0.4	0.28042	3
0.00232	0.04745	0.86976	0.08047	3
0.39405	0.23212	0.26487	0.10896	1
0.05513	0.24912	0.59691	0.09883	3
0.00171	0.01035	0.9786	0.00934	3
0.59291	0.34779	0.0007	0.05859	1
0.00167	0.8034	0.01135	0.18358	2
0.00977	0.62109	0.03112	0.33802	2
0.01041	0.55798	0.00529	0.42633	2
0.23041	0.16289	0.50732	0.09937	3
0.08922	0.1043	0.68644	0.12004	3
0.00139	0.00819	0.96253	0.02789	3
0.05071	0.05379	0.88367	0.01183	3
0.47466	0.06428	0.26934	0.19172	1
0.02194	0.6554	0.02674	0.29592	2
0.26103	0.25522	0.03634	0.44741	4
0.06168	0.04006	0.85466	0.04361	3
0.01955	0.33638	0.45459	0.18948	3
0.3821	0.35781	0.02689	0.2332	1
0.02032	0.33214	0.58519	0.06236	3
0.0391	0.88372	0.01286	0.06432	2
0.00514	0.57932	0.08047	0.33508	2
0.00172	0.66954	0.02709	0.30165	2
0.00735	0.15091	0.67568	0.16606	3
0.00046	0.00361	0.9842	0.01173	3
0.00283	0.12267	0.83348	0.04101	3
0.01602	0.75698	0.03371	0.19329	2
0.16977	0.30391	0.07579	0.45053	4
0.57219	0.1978	0.01219	0.21782	1
0.02271	0.05766	0.84086	0.07877	3
0.00109	0.07499	0.82538	0.09855	3
0.02779	0.01653	0.9282	0.02748	3
0.0022	0.04894	0.9177	0.03116	3
0.00015	0.00412	0.9804	0.01533	3
0.00295	0.00794	0.95674	0.03238	3
0.01624	0.79216	0.00412	0.18748	2
0.02423	0.01557	0.93183	0.02836	3
0.00051	0.07989	0.86766	0.05193	3
0.29405	0.23742	0.30723	0.16129	3
0.00798	0.38988	0.01971	0.58242	4
0.00134	0.52856	0.38979	0.08031	2
0.00593	0.0017	0.98578	0.00659	3
0.68573	0.18039	0.02347	0.1104	1
0.06099	0.01709	0.88859	0.03334	3
0.01977	0.88353	0.00483	0.09188	2
0.02101	0.01104	0.89725	0.07069	3
0.01107	0.61298	0.03562	0.34034	2
0.00965	0.38383	0.0154	0.59112	4
0.0264	0.73827	0.03884	0.19648	2
0.13262	0.36256	0.30134	0.20347	2
0.01824	0.11268	0.81721	0.05187	3
0.01137	0.02989	0.90702	0.05172	3
0.00677	0.00937	0.96042	0.02344	3
0.11821	0.499	0.0485	0.3343	2
0.0017	0.02804	0.93623	0.03402	3
0.36703	0.41389	0.0331	0.18598	2
0.01706	0.00139	0.97037	0.01118	3
0.09698	0.33702	0.03358	0.53242	4
0.03853	0.51192	0.01999	0.42956	2
0.02394	0.0237	0.84625	0.10611	3
0.03693	0.05449	0.87335	0.03523	3
0.30445	0.28857	0.00861	0.39836	4
0.00262	0.00171	0.9878	0.00787	3
0.00837	0.22045	0.59083	0.18035	3
0.16597	0.48489	0.12431	0.22483	2
0.00913	0.54993	0.04002	0.40092	2
0.00323	0.52779	0.26872	0.20026	2
0.00017	0.00884	0.93883	0.05216	3
0.00098	0.12608	0.55012	0.32282	3
0.02436	0.04606	0.87444	0.05514	3
0.0005	0.02323	0.94273	0.03354	3
0.01001	0.04574	0.84113	0.10312	3
0.00688	0.48077	0.30884	0.20352	2
0.21255	0.38411	0.32062	0.08273	2
0.03041	0.54794	0.04344	0.37821	2
0.01466	0.23856	0.70836	0.03841	3
0.03166	0.08343	0.79852	0.08639	3
0.00445	0.17551	0.7381	0.08193	3
0.09295	0.72487	0.01546	0.16672	2
0.11117	0.76378	0.00365	0.1214	2
0.00343	0.78042	0.09646	0.1197	2
0.03711	0.08217	0.80117	0.07955	3
0.39473	0.45034	0.00799	0.14694	2
0.07577	0.72625	0.01931	0.17867	2
0.01069	0.25435	0.54258	0.19239	3
0.41308	0.33421	0.06316	0.18955	1
0.08004	0.06585	0.75403	0.10008	3
0.00049	0.00151	0.98942	0.00858	3
0.00494	0.05064	0.86807	0.07634	3
0.00911	0.79425	0.02196	0.17468	2
0.01479	0.29395	0.61816	0.0731	3
0.00291	0.08536	0.66603	0.2457	3
0.00899	0.60315	0.03792	0.34993	2
0.00341	0.68115	0.01361	0.30182	2
0.02724	0.79071	0.00702	0.17503	2
0.00271	0.01835	0.95064	0.0283	3
0.16496	0.23307	0.42869	0.17328	3
0.00122	0.07005	0.79291	0.13581	3
0.00286	0.0086	0.96872	0.01982	3
0.08165	0.27622	0.03887	0.60326	4
0.00335	0.50907	0.26125	0.22633	2
0.01445	0.27891	0.06188	0.64477	4
0.00016	0.00265	0.9765	0.02069	3
0.58181	0.26899	0.10467	0.04452	1
0.5299	0.24227	0.12449	0.10333	1
0.18017	0.57023	0.03227	0.21732	2
0.13089	0.66288	0.00408	0.20215	2
0.00606	0.67086	0.01745	0.30563	2
0.91652	0.04545	0.00487	0.03316	1
0.0035	0.01053	0.96271	0.02326	3
0.00891	0.05433	0.5576	0.37915	3
0.07884	0.60271	0.00164	0.31681	2
0.02217	0.13764	0.80347	0.03672	3
0.99509	0.00131	0.00249	0.00111	1
0.02076	0.69379	0.02866	0.2568	2
0.10095	0.52007	0.03704	0.34195	2
0.00294	0.79998	0.01572	0.18136	2
0.00442	0.91247	0.00083	0.08228	2
0.01413	0.03983	0.90288	0.04316	3
0.00271	0.01052	0.96168	0.0251	3
0.00713	0.01097	0.95901	0.02288	3
0.06613	0.09476	0.79482	0.0443	3
0.00209	0.30069	0.45581	0.24141	3
0.00087	0.07557	0.74743	0.17613	3
0.38205	0.37295	0.09192	0.15308	1
0.00333	0.08706	0.82144	0.08817	3
0.12247	0.25848	0.51896	0.10009	3
0.19056	0.29838	0.16274	0.34832	4
0.31277	0.49101	0.01234	0.18388	2
0.00216	0.0052	0.97769	0.01495	3
0.02025	0.23532	0.60101	0.14343	3
0.0075	0.26562	0.62962	0.09725	3
0.07531	0.07193	0.75514	0.09761	3
0.02022	0.03968	0.74688	0.19322	3
0.51541	0.30352	0.06843	0.11264	1
0.00744	0.65753	0.17852	0.15651	2
0.08567	0.08066	0.80362	0.03006	3
0.05816	0.0885	0.71148	0.14186	3
0.00011	0.00154	0.99464	0.00372	3
0.02306	0.43555	0.01252	0.52888	4
0.00053	0.00629	0.97089	0.02229	3
0.02893	0.21412	0.62477	0.13218	3
0.06116	0.07188	0.7905	0.07646	3
0.14443	0.74038	0.0101	0.1051	2
0.00926	0.38876	0.31455	0.28743	2
0.05808	0.63273	0.09652	0.21267	2
0.19675	0.60938	0.05753	0.13634	2
0.0	0.0	0.9991	0.0009	3
0.11021	0.53941	0.03514	0.31524	2
0.20552	0.53278	0.05084	0.21085	2
0.01305	0.11482	0.75289	0.11925	3
0.31904	0.29413	0.20215	0.18467	2
0.57753	0.33095	0.0085	0.08302	1
0.01001	0.57162	0.13972	0.27864	2
0.00284	0.43468	0.08462	0.47786	4
0.11971	0.70709	0.09414	0.07907	2
0.09562	0.72907	0.01535	0.15996	2
0.20112	0.45923	0.08654	0.25311	2
0.02598	0.08623	0.42948	0.45832	4
0.00311	0.18496	0.54415	0.26778	3
0.52676	0.35417	0.00199	0.11707	1
0.19496	0.43866	0.08948	0.27689	2
0.00312	0.76404	0.03818	0.19466	2
0.01525	0.13386	0.74079	0.11011	3
0.00542	0.75467	0.00222	0.23769	2
0.0074	0.0139	0.95623	0.02248	3
0.02201	0.4761	0.03316	0.46873	4
0.00978	0.71512	0.0156	0.2595	2
