0.0278	0.1121	0.53668	0.32342	3
0.00018	0.00367	0.96276	0.0334	3
0.0206	0.04672	0.62123	0.31145	3
0.00165	0.00956	0.96174	0.02704	3
0.00018	0.16047	0.75371	0.08564	3
0.19691	0.01303	0.71655	0.07352	3
0.00129	0.01096	0.92992	0.05783	3
0.02762	0.04487	0.78144	0.14607	3
0.03339	0.72183	0.06077	0.184	2
0.00523	0.95871	8e-05	0.03599	2
0.00185	0.00269	0.96037	0.03509	3
0.02423	0.76847	0.01863	0.18866	2
0.07909	0.04041	0.65465	0.22585	3
0.0166	0.76329	0.02928	0.19083	2
0.00208	0.46818	0.01869	0.51106	2
0.00313	0.12435	0.35227	0.52024	3
0.00134	0.00364	0.98829	0.00673	3
0.00165	0.78277	0.08252	0.13306	2
0.58497	0.28341	0.00814	0.12347	1
0.00221	0.95924	0.00075	0.0378	2
0.04455	0.2076	0.64195	0.10589	3
0.00677	0.91831	0.00267	0.07226	2
0.05211	0.48464	0.13974	0.32352	3
0.00095	0.03381	0.86623	0.09901	3
0.0035	0.90545	0.0012	0.08986	2
0.00388	0.75125	0.00637	0.23851	2
0.02243	0.06951	0.65372	0.25434	3
0.00088	0.99002	0.00026	0.00884	2
0.14749	0.57611	0.00837	0.26803	1
0.00019	0.71143	0.01483	0.27354	2
0.00153	0.05977	0.82321	0.11549	3
0.00154	0.01806	0.91672	0.06368	3
0.0061	0.78565	0.0705	0.13774	2
0.01887	0.00436	0.96612	0.01065	3
0.10268	0.85427	0.00586	0.03719	2
0.41418	0.53442	0.02429	0.0271	1
0.01165	0.76968	0.05827	0.1604	2
0.00016	0.00077	0.9916	0.00747	3
0.00362	0.94663	0.00096	0.04879	2
0.0013	0.03118	0.84299	0.12453	3
0.03069	0.39133	0.38708	0.1909	3
0.59937	0.13822	0.05671	0.20569	1
0.09176	0.46774	0.07229	0.36821	3
0.00096	0.08251	0.70412	0.21241	3
0.00461	0.00571	0.97198	0.0177	3
0.00913	0.79577	0.00262	0.19248	2
0.00356	0.58013	0.00027	0.41605	2
0.00182	0.13337	0.70333	0.16148	3
0.00407	0.65475	0.02499	0.31619	2
0.0	0.0	0.99975	0.00025	3
0.00274	0.18446	0.75939	0.05341	3
0.03453	0.07825	0.82139	0.06584	3
0.00413	0.00627	0.9755	0.01411	3
0.00091	0.00159	0.99561	0.00189	3
0.01716	0.03578	0.90407	0.04299	3
0.02485	0.00208	0.94839	0.02468	3
0.00566	0.09817	0.82667	0.0695	3
0.01375	0.59551	0.02614	0.36459	2
0.02736	0.05733	0.88648	0.02883	3
6e-05	0.00547	0.98535	0.00913	3
0.06715	0.48718	0.04304	0.40262	2
0.00081	0.89933	0.035	0.06485	2
0.00318	0.42163	0.28495	0.29025	3
0.00015	0.02272	0.67264	0.30449	3
0.01209	0.07527	0.79123	0.1214	3
0.00096	0.00739	0.98017	0.01149	3
0.00232	0.94745	0.00085	0.04938	2
0.12276	0.0633	0.60008	0.21386	3
0.32415	0.18835	0.05968	0.42783	1
0.0559	0.64436	0.01305	0.28669	2
0.00091	0.01417	0.93791	0.04701	3
0.00792	0.00488	0.93071	0.05649	3
0.00095	0.9335	0.02027	0.04527	2
0.06773	0.28733	0.46271	0.18223	3
0.00683	0.96807	0.00015	0.02496	2
0.00711	0.01166	0.97059	0.01063	3
0.01447	0.19436	0.4526	0.33858	3
0.01513	0.00706	0.91964	0.05817	3
0.00318	0.2906	0.23671	0.4695	3
0.00879	0.36175	0.08353	0.54593	3
0.00109	0.07903	0.7861	0.13379	3
0.00166	0.00327	0.99132	0.00374	3
0.00085	0.83513	0.00028	0.16374	2
0.00026	0.71094	0.1059	0.1829	2
0.03952	0.03383	0.88395	0.04269	3
0.05395	0.63342	0.00088	0.31174	2
0.01929	0.03762	0.89951	0.04358	3
0.01671	0.34753	0.03791	0.59786	2
0.11545	0.50083	0.00519	0.37853	1
0.02084	0.02053	0.92451	0.03413	3
0.00616	0.01373	0.95384	0.02628	3
0.13028	0.63723	0.00502	0.22747	1
0.0029	0.00215	0.98648	0.00847	3
4e-05	4e-05	0.99258	0.00734	3
0.00133	0.86348	0.1017	0.03349	2
0.00015	0.00476	0.94827	0.04681	3
0.20954	0.48853	0.03342	0.26851	1
0.00131	0.90721	0.01859	0.07289	2
0.00118	0.66554	0.04957	0.28371	2
0.03774	0.08625	0.15813	0.71788	3
0.00445	0.00305	0.98977	0.00273	3
0.01567	0.6844	0.09195	0.20798	2
0.01928	0.7167	0.01198	0.25204	2
0.0763	0.16916	0.53853	0.21602	3
1e-05	2e-05	0.99577	0.0042	3
0.00241	0.21536	0.52513	0.25711	3
0.06474	0.10056	0.78858	0.04611	3
0.0063	0.63986	0.0927	0.26114	2
0.36133	0.57092	0.03924	0.02851	1
0.00045	0.03561	0.94653	0.01742	3
0.05052	0.1765	0.39003	0.38295	3
0.02729	0.08892	0.33545	0.54834	3
0.78151	0.08587	0.00491	0.12772	1
0.01389	0.60066	0.0989	0.28655	3
0.00015	0.00156	0.99383	0.00446	3
0.00185	0.07795	0.85158	0.06861	3
0.27391	0.00809	0.70956	0.00844	3
0.01212	0.01167	0.94943	0.02678	3
0.00108	0.21413	0.6986	0.08619	3
0.01466	0.26167	0.64484	0.07884	3
0.02995	0.04534	0.74234	0.18237	3
0.00788	0.85154	0.03833	0.10225	2
0.0	0.0	0.99928	0.00072	3
0.00018	0.00458	0.98362	0.01161	3
0.50661	0.18784	0.25304	0.05251	1
0.00268	0.40777	0.00734	0.58221	2
0.0508	0.02866	0.76845	0.15209	3
0.10119	0.03614	0.77776	0.08491	3
6e-05	0.00635	0.94908	0.04451	3
0.00269	0.22735	0.56566	0.2043	3
0.03254	0.76208	0.0057	0.19968	2
0.035	0.70556	0.20933	0.05011	3
0.58244	0.14853	0.0239	0.24513	1
0.13572	0.30923	0.28981	0.26524	3
0.12887	0.28782	0.46417	0.11914	3
0.0029	0.57332	0.00899	0.41478	2
0.01269	0.03106	0.89667	0.05958	3
0.00019	0.9823	0.00027	0.01724	2
0.21068	0.06771	0.65325	0.06836	3
0.31606	0.19221	0.30074	0.19099	3
0.21094	0.35953	0.11013	0.3194	1
0.98267	0.01188	0.0002	0.00525	1
0.01716	0.3198	0.39443	0.26861	3
0.12086	0.09042	0.52438	0.26433	3
0.49477	0.4263	0.00159	0.07733	1
0.0021	0.01888	0.94692	0.0321	3
0.35937	0.51009	0.00603	0.1245	1
0.07738	0.28969	0.16039	0.47254	3
0.441	0.27689	0.04281	0.2393	1
0.00342	0.00483	0.98399	0.00776	3
0.00013	0.78404	0.00013	0.2157	2
0.00228	0.0456	0.93437	0.01774	3
0.06218	0.2288	0.01182	0.6972	1
0.01558	0.43329	0.50175	0.04938	3
0.11684	0.00918	0.86404	0.00994	3
0.0	0.0	0.99986	0.00014	3
0.07977	0.00427	0.89613	0.01982	3
0.0051	0.12013	0.39039	0.48437	3
0.03767	0.00744	0.89459	0.0603	3
0.02023	0.90579	0.0551	0.01888	2
0.01529	0.73965	0.00905	0.236	2
0.10347	0.71404	0.00054	0.18196	2
1e-05	1e-05	0.99593	0.00404	3
0.00051	0.01632	0.95774	0.02543	3
0.0082	0.01911	0.95849	0.0142	3
0.02575	0.57226	0.01089	0.3911	2
0.57196	0.23371	0.10577	0.08856	1
0.18776	0.77102	0.00038	0.04084	1
0.00952	0.02723	0.95748	0.00577	3
0.00118	0.03669	0.91173	0.05039	3
0.00179	0.53459	0.01297	0.45066	2
0.00084	0.88117	0.00026	0.11772	2
0.11416	0.03581	0.70538	0.14465	3
0.00194	0.53093	0.07865	0.38848	3
0.00633	0.45044	0.1111	0.43212	3
0.01792	0.08796	0.57548	0.31865	3
0.00614	0.01538	0.89998	0.07851	3
0.01897	0.49652	0.15288	0.33164	3
0.01796	0.02762	0.75315	0.20127	3
0.28551	0.15668	0.08227	0.47553	1
0.13787	0.73655	0.02714	0.09844	1
0.00102	0.02094	0.94387	0.03417	3
0.00915	0.22081	0.00243	0.76761	2
0.01797	0.45386	0.00371	0.52446	2
0.08808	0.5679	0.17198	0.17204	3
0.01098	0.92458	0.00131	0.06313	2
0.00961	0.00086	0.98062	0.00891	3
0.00056	0.00987	0.92552	0.06405	3
0.00505	0.60849	0.07244	0.31402	2
0.01166	0.44466	0.02251	0.52117	2
6e-05	0.62039	0.37508	0.00447	3
0.00293	0.96379	0.00095	0.03232	2
0.00503	0.01874	0.95704	0.0192	3
0.00011	0.00115	0.99434	0.00441	3
0.00101	0.56295	0.01156	0.42448	2
0.07762	0.08074	0.63309	0.20856	3
0.02156	0.33161	0.35273	0.29411	3
0.03928	0.04339	0.81526	0.10207	3
0.00234	0.93681	0.00789	0.05296	2
0.00929	0.01474	0.91213	0.06385	3
0.02477	0.38155	0.02301	0.57067	2
0.01659	0.01548	0.94044	0.02748	3
0.00182	0.01782	0.96795	0.01241	3
0.00592	0.00188	0.98041	0.01179	3
0.02903	0.86782	0.02762	0.07553	2
0.00083	0.75591	0.16679	0.07647	3
0.0038	0.79517	0.00159	0.19944	2
0.00745	0.64164	0.00101	0.3499	2
0.12078	0.04087	0.42557	0.41278	3
0.06343	0.00754	0.92392	0.00511	3
0.03602	0.72893	0.01397	0.22109	2
0.11285	0.65185	0.0357	0.19961	2
0.00326	0.05718	0.83818	0.10138	3
0.04202	0.71466	0.16925	0.07407	3
0.01341	0.54946	0.01818	0.41895	2
0.11845	0.05731	0.68989	0.13435	3
0.10202	0.08424	0.66053	0.15321	3
0.03329	0.77058	0.02026	0.17586	2
0.00367	0.80251	0.00212	0.19169	2
0.00439	0.27785	0.29861	0.41915	3
6e-05	0.0021	0.99643	0.00142	3
0.00097	0.02461	0.96733	0.00709	3
0.13825	0.74577	0.00112	0.11486	1
0.00117	0.50158	0.00126	0.496	2
0.0	0.0	0.9996	0.0004	3
0.00253	0.01829	0.93937	0.03982	3
0.05323	0.15713	0.61564	0.174	3
0.01154	0.48239	0.1751	0.33097	3
0.05074	0.59115	0.04427	0.31383	2
0.00201	0.53538	0.0095	0.45311	2
0.00029	0.96029	0.0001	0.03932	2
0.00061	0.94044	0.01132	0.04763	2
0.00213	0.02719	0.88643	0.08425	3
0.02207	0.9133	0.00238	0.06226	2
0.01754	0.10104	0.82505	0.05637	3
0.72886	0.03972	0.18749	0.04393	1
0.0	0.0	0.99965	0.00035	3
0.04253	0.04965	0.77489	0.13292	3
0.04133	0.54246	0.02999	0.38621	2
0.00426	0.01706	0.88731	0.09137	3
0.11283	0.01809	0.74677	0.1223	3
0.07672	0.57908	0.00205	0.34216	2
0.07406	0.76058	0.09623	0.06913	2
0.04963	0.41621	0.03654	0.49762	2
0.04998	0.77242	0.01837	0.15923	2
0.58823	0.39217	0.00334	0.01626	1
0.00424	0.00122	0.98808	0.00646	3
0.01697	0.72725	0.04188	0.2139	2
0.00025	0.52776	0.46491	0.00708	3
0.282	0.19039	0.22421	0.30339	3
0.00066	0.96065	4e-05	0.03866	2
0.00203	0.02735	0.95988	0.01074	3
0.09841	0.11644	0.57344	0.21171	3
0.09194	0.50454	0.01423	0.38929	1
0.0078	0.98393	0.00014	0.00813	2
0.01943	0.92173	0.00029	0.05854	2
0.66219	0.04974	0.01913	0.26893	1
0.07446	0.03949	0.82784	0.05821	3
0.01929	0.38764	0.16208	0.43098	3
0.14076	0.44586	0.05271	0.36067	1
0.00339	0.41295	0.14805	0.4356	3
0.00254	0.7998	0.00046	0.1972	2
0.0033	0.82971	0.00327	0.16371	2
0.04563	0.0475	0.83492	0.07195	3
0.0	0.0	0.99923	0.00077	3
0.00024	0.0062	0.95866	0.03491	3
0.11739	0.69828	0.02594	0.15838	2
0.00024	0.83424	0.01725	0.14828	2
0.0632	0.54167	0.11314	0.28199	3
0.01861	0.83136	0.01545	0.13458	2
0.00859	0.34856	0.06275	0.5801	3
0.06504	0.73126	0.0048	0.1989	2
0.0768	0.03759	0.82941	0.05621	3
0.04377	0.32378	0.40209	0.23036	3
0.0027	0.01016	0.85138	0.13576	3
0.00202	0.0036	0.98464	0.00974	3
0.11179	0.35506	0.01764	0.51551	1
0.03799	0.43097	0.33343	0.19762	3
0.00226	0.86859	0.00168	0.12746	2
0.01513	0.96362	0.00112	0.02013	2
0.00061	0.8359	0.08508	0.07842	2
0.0023	0.07861	0.86149	0.0576	3
0.04012	0.64432	0.22601	0.08955	3
0.00023	0.00155	0.98809	0.01013	3
0.12566	0.03039	0.0543	0.78964	1
0.00092	0.01224	0.66808	0.31876	3
0.0144	0.06766	0.82444	0.09351	3
0.0072	0.0126	0.96826	0.01194	3
0.40301	0.13417	0.00582	0.457	1
0.0472	0.08142	0.74099	0.13039	3
0.00081	0.13893	0.68711	0.17315	3
0.0	0.0	0.99871	0.00129	3
0.00767	0.64811	0.03191	0.31231	2
0.00259	0.00186	0.98883	0.00672	3
0.00188	0.87549	0.03366	0.08897	2
0.00712	0.96353	0.00029	0.02906	2
0.02995	0.01615	0.94878	0.00513	3
0.00673	0.01842	0.94682	0.02802	3
0.02358	0.07613	0.81839	0.08189	3
0.0	0.0	0.99979	0.00021	3
0.00373	0.20159	0.42415	0.37052	3
0.0836	0.84186	0.01141	0.06313	2
0.00655	0.15356	0.60992	0.22998	3
0.0004	0.00951	0.89432	0.09577	3
0.00059	0.00644	0.95413	0.03884	3
0.7202	0.23408	0.00562	0.04009	1
0.00408	0.05747	0.84964	0.08881	3
0.50177	0.49299	0.00047	0.00477	1
0.01777	0.75216	0.01963	0.21044	2
0.00095	0.00228	0.98423	0.01254	3
0.01131	0.0225	0.9123	0.0539	3
0.27171	0.51042	0.0103	0.20757	1
0.00094	0.01636	0.91834	0.06436	3
0.00028	0.8488	0.00677	0.14416	2
0.00466	0.01595	0.91525	0.06414	3
0.00068	0.00351	0.98464	0.01117	3
0.00467	0.04986	0.89761	0.04787	3
0.00648	0.01832	0.97016	0.00503	3
0.00078	0.96025	0.00093	0.03804	2
0.01068	0.43827	0.41079	0.14026	3
0.09752	0.03463	0.79196	0.07589	3
0.00663	0.01639	0.92223	0.05474	3
0.0225	0.19208	0.7426	0.04281	3
0.01391	0.74986	0.04026	0.19596	2
0.00122	0.03291	0.94968	0.01619	3
0.0	0.0	0.99877	0.00123	3
0.31705	0.51864	0.0042	0.16011	1
0.23155	0.11423	0.61187	0.04235	3
0.01165	0.88973	0.02052	0.0781	2
0.00242	0.03868	0.85238	0.10651	3
0.09616	0.28866	0.04441	0.57077	1
0.00703	0.11293	0.66647	0.21357	3
2e-05	2e-05	0.99478	0.00518	3
0.00206	0.09705	0.30555	0.59534	3
0.03717	0.02112	0.86939	0.07232	3
0.11162	0.85763	0.00013	0.03062	2
0.00228	0.80137	0.00691	0.18944	2
0.13375	0.44426	0.02779	0.3942	1
0.02521	0.49231	0.01589	0.46659	2
0.03836	0.2189	0.3638	0.37894	3
0.00233	0.43622	0.23682	0.32462	3
0.00806	0.00212	0.9878	0.00201	3
0.0171	0.18184	0.74865	0.05241	3
0.00925	0.7698	0.06433	0.15663	2
0.01023	0.0297	0.85292	0.10715	3
0.01482	0.03119	0.85925	0.09474	3
0.1438	0.31707	0.26476	0.27438	3
0.00059	0.00324	0.9927	0.00347	3
0.0309	0.61087	0.17863	0.1796	3
0.00857	0.00857	0.9482	0.03466	3
0.2006	0.07924	0.49688	0.22328	3
1e-05	1e-05	0.99676	0.00323	3
0.01037	0.08705	0.79072	0.11186	3
0.01383	0.24137	0.4965	0.24829	3
0.47236	0.22367	0.03818	0.26579	1
0.01446	0.1468	0.17134	0.66741	3
0.01472	0.19549	0.58819	0.2016	3
0.00296	0.00867	0.94419	0.04418	3
0.00071	0.01316	0.957	0.02913	3
0.00072	0.92793	0.00686	0.06449	2
0.06479	0.66274	0.00015	0.27232	2
0.18724	0.30151	0.26004	0.25122	3
0.05984	0.76081	0.0124	0.16695	2
0.00044	0.01213	0.87451	0.11293	3
0.03679	0.53667	0.05375	0.3728	2
0.00032	0.00138	0.99635	0.00195	3
0.01524	0.03077	0.81768	0.13631	3
0.0003	0.01204	0.94841	0.03925	3
0.11303	0.2495	0.05719	0.58028	1
0.12133	0.55823	0.04918	0.27125	1
7e-05	0.00451	0.98888	0.00653	3
0.01436	0.92541	0.00149	0.05873	2
0.04132	0.32753	0.0287	0.60245	2
0.00251	0.78339	0.02167	0.19243	2
0.00031	0.01061	0.93595	0.05313	3
0.00969	0.06543	0.77232	0.15255	3
0.20759	0.05068	0.70269	0.03904	3
0.57401	0.22234	0.15711	0.04654	1
0.02693	0.00497	0.94232	0.02578	3
0.01109	0.01893	0.90233	0.06764	3
0.18576	0.46388	0.00124	0.34912	1
0.01651	0.79624	0.11068	0.07658	2
0.1138	0.05849	0.59333	0.23438	3
0.01569	0.13389	0.56951	0.28091	3
0.01058	0.32432	0.47903	0.18607	3
0.05952	0.05688	0.70907	0.17453	3
0.00349	0.32892	0.57131	0.09628	3
0.04767	0.22914	0.4168	0.30639	3
0.02738	0.07464	0.79035	0.10763	3
0.00204	0.01003	0.97453	0.0134	3
0.00266	0.05685	0.8862	0.05429	3
0.01082	0.02199	0.91794	0.04925	3
0.02108	0.07033	0.79361	0.11498	3
0.00789	0.78976	0.00334	0.19901	2
0.28389	0.17055	0.2707	0.27486	3
0.01312	0.18781	0.11584	0.68324	3
0.03264	0.44762	0.01316	0.50659	2
0.00027	0.38534	0.00409	0.6103	2
0.01371	0.08115	0.78094	0.1242	3
2e-05	2e-05	0.99488	0.00507	3
0.06973	0.66241	0.0169	0.25096	2
0.13941	0.34773	0.11515	0.39772	1
0.00299	0.82201	0.08352	0.09149	2
0.01334	0.85083	0.01456	0.12127	2
0.13961	0.0257	0.66554	0.16915	3
0.0	0.0	0.99787	0.00212	3
0.00898	0.159	0.73061	0.10142	3
0.00027	0.97759	0.00018	0.02196	2
0.01331	0.09137	0.82418	0.07113	3
0.0	1e-05	0.99759	0.0024	3
0.00453	0.95237	0.0004	0.0427	2
0.00511	0.03679	0.83634	0.12176	3
0.08775	0.02659	0.69073	0.19493	3
0.05292	0.16932	0.57802	0.19974	3
0.05863	0.45229	0.02394	0.46513	2
0.00015	0.00328	0.98503	0.01155	3
0.01237	0.02848	0.87382	0.08533	3
0.00637	0.65513	0.10374	0.23476	3
0.00112	0.07007	0.85963	0.06918	3
0.00177	0.08584	0.79662	0.11576	3
0.10224	0.12379	0.57693	0.19704	3
0.00281	0.10691	0.32104	0.56924	3
0.01193	0.0439	0.90804	0.03613	3
0.00869	0.54778	0.00092	0.44261	2
0.27159	0.02779	0.59667	0.10396	3
0.00018	0.98217	0.00656	0.01108	2
0.21545	0.08486	0.26812	0.43157	3
0.00955	0.00444	0.97948	0.00653	3
0.28738	0.05613	0.53798	0.11851	3
0.32943	0.04588	0.19696	0.42773	1
0.00084	0.00394	0.96778	0.02743	3
0.00486	0.00423	0.97217	0.01874	3
0.14766	0.09763	0.57897	0.17573	3
0.00011	0.98567	7e-05	0.01414	2
0.00804	0.28368	0.64114	0.06715	3
0.00547	0.05057	0.81426	0.1297	3
0.07761	0.25842	0.26596	0.39801	3
0.00196	0.03792	0.79005	0.17006	3
0.81926	0.17278	3e-05	0.00793	1
0.00737	0.00148	0.98663	0.00453	3
0.1207	0.21442	0.61113	0.05375	3
0.00069	0.00105	0.99765	0.0006	3
0.00119	0.91629	0.00468	0.07784	2
0.02239	0.00686	0.9506	0.02015	3
0.00062	0.00081	0.98841	0.01016	3
0.03876	0.2987	0.43332	0.22922	3
0.02122	0.02955	0.80966	0.13956	3
0.01675	0.21995	0.15494	0.60837	3
0.01195	0.01866	0.7627	0.20669	3
0.02215	0.2498	0.39147	0.33657	3
0.51678	0.16992	0.19198	0.12131	1
0.63556	0.30076	0.00941	0.05427	1
0.0022	0.02	0.93072	0.04708	3
0.01531	0.01325	0.90957	0.06186	3
0.00246	0.01063	0.97407	0.01285	3
0.00052	0.00363	0.98043	0.01542	3
0.0081	0.02045	0.93434	0.03711	3
0.03385	0.10367	0.82418	0.0383	3
0.0	0.0	0.99858	0.00142	3
0.17546	0.11529	0.03797	0.67128	1
0.00062	0.00085	0.99682	0.00172	3
0.00134	0.99787	0.0	0.00079	2
0.06913	0.04574	0.7768	0.10832	3
0.00627	0.43337	0.0018	0.55856	2
0.04328	0.05217	0.58728	0.31726	3
0.00013	0.8482	0.01117	0.1405	2
0.01741	0.0093	0.96484	0.00846	3
0.00535	0.40882	0.27247	0.31336	3
0.02098	0.22342	0.70296	0.05264	3
0.00034	0.97187	0.00058	0.02722	2
0.03498	0.58849	0.01007	0.36645	2
0.00358	0.05734	0.78437	0.15471	3
0.00385	0.08418	0.71934	0.19263	3
0.00769	0.03833	0.93142	0.02256	3
0.00245	0.06984	0.74503	0.18269	3
0.08476	0.05772	0.52527	0.33224	3
0.0018	0.59968	0.02217	0.37635	2
0.00902	0.04117	0.86276	0.08704	3
2e-05	0.00125	0.99213	0.00661	3
0.00411	0.03061	0.93846	0.02682	3
0.00135	0.89295	0.00362	0.10209	2
0.00335	0.03307	0.94344	0.02014	3
0.00488	0.03863	0.89296	0.06353	3
0.04016	0.70739	0.0067	0.24574	2
0.02868	0.23756	0.58105	0.15271	3
0.01102	0.09275	0.84231	0.05392	3
8e-05	0.00153	0.99507	0.00332	3
0.10736	0.63916	0.01668	0.2368	2
0.3779	0.33383	0.08831	0.19996	1
0.0003	0.82033	0.00452	0.17485	2
0.00036	0.00379	0.9829	0.01295	3
0.08094	0.33757	0.11056	0.47093	3
0.01028	0.33051	0.03081	0.6284	2
0.58087	0.15353	0.09186	0.17374	1
0.00627	0.44009	0.37246	0.18117	3
0.01015	0.01444	0.9504	0.02501	3
0.00687	0.0428	0.55017	0.40017	3
0.00283	0.72215	0.00553	0.26948	2
0.00635	0.11724	0.67469	0.20172	3
0.06535	0.56551	0.0592	0.30994	2
0.00449	0.89495	0.01883	0.08173	2
0.02584	0.24119	0.60023	0.13274	3
0.02071	0.00517	0.97081	0.00331	3
6e-05	0.00108	0.99531	0.00355	3
0.05742	0.33894	0.49384	0.1098	3
0.00362	0.00828	0.82783	0.16027	3
0.00657	0.07011	0.78622	0.13709	3
0.0734	0.0829	0.68479	0.15891	3
0.00113	0.68262	0.07404	0.24221	2
0.0	0.0	0.9998	0.0002	3
0.0065	0.56169	0.17146	0.26034	3
0.001	0.00671	0.97507	0.01723	3
0.00232	0.99189	2e-05	0.00578	2
0.00311	0.53218	0.00017	0.46453	2
0.749	0.2185	0.0002	0.0323	1
0.00796	0.89663	0.00064	0.09477	2
0.01122	0.76446	0.15807	0.06624	3
0.00243	0.39194	0.02569	0.57994	2
0.01283	0.57742	0.05147	0.35829	2
0.00106	0.81473	6e-05	0.18415	2
0.01228	0.00623	0.96756	0.01393	3
0.07349	0.66164	0.02924	0.23563	2
0.0038	0.07389	0.85729	0.06502	3
0.00087	0.84655	0.00083	0.15175	2
0.07949	0.11503	0.06653	0.73895	3
0.00111	0.19015	0.16709	0.64166	3
0.00013	0.00343	0.98243	0.01401	3
0.00703	0.76282	0.02297	0.20718	2
0.05836	0.06739	0.84885	0.0254	3
0.00052	0.00789	0.88354	0.10805	3
0.00583	0.02536	0.93002	0.03879	3
0.01943	0.5906	0.10496	0.28502	3
0.01539	0.95324	0.00032	0.03105	2
0.06172	0.76406	0.06975	0.10447	2
0.00397	0.08835	0.68754	0.22013	3
0.25552	0.3261	0.015	0.40337	1
0.00435	0.23861	0.04853	0.70851	3
0.03555	0.08108	0.75932	0.12404	3
0.00615	0.01922	0.89142	0.0832	3
0.00012	0.00306	0.99471	0.00211	3
0.10385	0.25299	0.03107	0.61208	1
7e-05	0.00105	0.9952	0.00368	3
0.00025	0.00195	0.99168	0.00612	3
0.00066	0.07203	0.79341	0.1339	3
0.10653	0.46161	0.09386	0.33799	3
0.01331	0.07636	0.84	0.07034	3
0.00274	0.30662	0.00699	0.68365	2
0.00435	0.80588	0.02538	0.16439	2
0.02019	0.06259	0.85204	0.06519	3
0.03435	0.37077	0.13852	0.45636	3
0.15679	0.10942	0.52024	0.21355	3
0.00762	0.41301	0.48955	0.08982	3
2e-05	2e-05	0.99503	0.00493	3
0.00025	0.00651	0.97872	0.01452	3
0.04458	0.09728	0.34893	0.50921	3
0.13065	0.0436	0.54313	0.28263	3
0.0	0.0	0.99905	0.00095	3
0.06318	0.50621	0.11741	0.31321	3
0.00998	0.25929	0.2465	0.48423	3
0.00307	0.7561	0.02829	0.21254	2
0.00209	0.00367	0.98766	0.00658	3
0.12938	0.0587	0.69373	0.11819	3
0.15368	0.05307	0.59331	0.19993	3
0.68738	0.07617	0.11349	0.12295	1
0.00431	0.12811	0.42076	0.44683	3
0.00126	0.00574	0.97974	0.01325	3
0.01204	0.1296	0.6845	0.17387	3
0.00059	0.00339	0.98025	0.01577	3
0.00074	0.28399	0.03933	0.67595	3
0.73669	0.15488	0.01063	0.0978	1
0.01223	0.62434	0.3195	0.04393	3
0.00347	0.03323	0.84638	0.11691	3
0.0147	0.00929	0.94474	0.03128	3
0.00011	0.27912	0.01512	0.70564	2
0.06995	0.02986	0.83648	0.06371	3
0.02848	0.27839	0.10595	0.58718	3
0.00974	0.08488	0.79839	0.10699	3
0.00188	0.03545	0.94218	0.02049	3
0.0	0.0	0.999	0.001	3
0.00479	0.15236	0.01016	0.83269	2
0.00018	0.62127	0.14069	0.23787	3
0.13297	0.76932	0.00113	0.09658	2
0.00232	0.85988	0.01454	0.12327	2
0.0	0.0	0.99896	0.00104	3
0.03637	0.0755	0.74026	0.14787	3
0.0003	0.35128	0.4277	0.22073	3
0.20838	0.55352	0.0499	0.1882	1
0.00044	0.01625	0.95191	0.0314	3
0.02748	0.32006	0.4157	0.23676	3
0.02234	0.19779	0.56362	0.21625	3
0.25955	0.51715	0.00081	0.22249	1
0.16012	0.56692	0.02604	0.24693	1
0.17475	0.13439	0.58022	0.11064	3
0.00186	0.98285	0.0	0.01529	2
0.09959	0.5382	0.02693	0.33527	2
0.14525	0.27842	0.00174	0.5746	1
0.01265	0.04125	0.71992	0.22619	3
0.0463	0.17624	0.40478	0.37268	3
0.04535	0.45388	0.42437	0.0764	3
0.00464	0.91629	0.06048	0.01859	2
0.02432	0.42725	0.0035	0.54493	2
0.00737	0.43172	0.02245	0.53846	2
0.00033	0.00128	0.99638	0.00202	3
0.00218	0.83742	0.01424	0.14616	2
0.02227	0.00397	0.95569	0.01807	3
0.00991	0.66437	0.00118	0.32455	2
0.00957	0.04774	0.81531	0.12738	3
0.02855	0.39968	0.02645	0.54533	2
0.00037	0.01856	0.83896	0.14212	3
0.0323	0.57268	0.06389	0.33113	2
0.00283	0.00773	0.97721	0.01223	3
0.00171	0.00393	0.98183	0.01252	3
0.03572	0.70783	0.12472	0.13173	3
0.00027	0.01084	0.95957	0.02932	3
0.08332	0.61826	0.00415	0.29427	2
0.00242	0.81057	0.00145	0.18555	2
0.00216	0.01409	0.96663	0.01712	3
0.00617	0.61287	0.0002	0.38076	2
0.00209	0.18132	0.70335	0.11323	3
0.00729	0.01185	0.95474	0.02612	3
0.01221	0.13848	0.6433	0.206	3
0.01343	0.97863	0.00054	0.00739	2
0.03093	0.29688	0.01334	0.65886	2
0.0135	0.47699	0.26459	0.24493	3
0.18868	0.01657	0.7572	0.03755	3
0.01168	0.11134	0.7319	0.14509	3
0.00263	0.01571	0.86074	0.12092	3
0.00309	0.00887	0.9755	0.01254	3
0.01536	0.01998	0.95579	0.00887	3
0.00039	0.01738	0.97332	0.00891	3
0.2885	0.42811	0.06814	0.21524	1
0.00082	0.03411	0.81056	0.1545	3
0.00431	0.59036	0.10828	0.29706	3
0.71408	0.19672	0.04554	0.04366	1
0.00765	0.90664	0.00309	0.08261	2
0.00119	0.04802	0.87743	0.07337	3
0.09862	0.56038	0.06693	0.27407	2
0.00126	0.91259	0.00059	0.08556	2
0.00198	0.00796	0.97608	0.01399	3
0.01022	0.75494	0.01176	0.22308	2
0.0087	0.03218	0.85397	0.10515	3
0.00026	0.02069	0.96512	0.01393	3
0.2755	0.33551	0.16107	0.22791	1
0.01708	0.02233	0.88206	0.07853	3
0.00899	0.02603	0.76484	0.20014	3
0.00731	0.85876	0.03625	0.09768	2
0.26511	0.32252	0.00194	0.41042	1
0.03412	0.41443	0.35874	0.19271	3
0.51152	0.13586	0.0347	0.31791	1
0.00467	0.79363	0.02025	0.18145	2
0.00125	0.00052	0.99691	0.00131	3
0.00468	0.02312	0.9028	0.0694	3
0.00664	0.98536	1e-05	0.00799	2
0.00353	0.17861	0.64865	0.16922	3
0.06038	0.83805	0.01043	0.09114	2
0.01488	0.25412	0.14431	0.5867	3
0.00038	0.00372	0.98321	0.01269	3
0.01333	0.00557	0.96537	0.01572	3
0.00051	0.01337	0.95584	0.03029	3
0.00085	0.72308	0.00105	0.27501	2
0.00741	0.00396	0.92451	0.06412	3
0.00897	0.70777	0.00931	0.27395	2
0.00127	0.00614	0.97587	0.01672	3
0.19397	0.16826	0.03104	0.60674	1
0.04159	0.28621	0.15137	0.52084	3
3e-05	0.00091	0.99457	0.0045	3
0.04025	0.83284	0.05595	0.07096	2
0.00143	0.00383	0.98985	0.00489	3
0.00653	0.25942	0.00464	0.72941	2
0.03541	0.21868	0.70518	0.04074	3
0.02641	0.19958	0.5276	0.24641	3
0.05896	0.4155	0.02793	0.49761	2
0.00018	0.00122	0.99168	0.00692	3
0.00021	0.97053	0.00437	0.02489	2
0.04788	0.60139	0.00585	0.34488	2
0.0011	0.00031	0.99698	0.00161	3
0.00036	0.97303	0.00022	0.02639	2
0.00074	0.00222	0.99443	0.0026	3
0.07553	0.08989	0.78312	0.05146	3
0.0008	0.00166	0.99487	0.00267	3
0.00018	0.92932	0.00865	0.06186	2
0.00324	0.05257	0.81915	0.12504	3
0.00822	0.79418	0.01841	0.17919	2
0.11696	0.70283	0.09941	0.08081	3
0.0	1e-05	0.99744	0.00255	3
0.11827	0.3268	0.14958	0.40535	3
0.00013	0.00259	0.99226	0.00501	3
0.01951	0.21993	0.49521	0.26535	3
4e-05	0.00104	0.99267	0.00626	3
0.00041	0.27555	0.17572	0.54832	3
0.0071	0.00348	0.97917	0.01024	3
0.01656	0.29579	0.22889	0.45877	3
0.0007	0.26142	0.59267	0.14521	3
0.2851	0.59898	0.00586	0.11007	1
0.01382	0.46709	0.00269	0.51639	2
0.00246	0.023	0.895	0.07954	3
0.00016	0.0055	0.97346	0.02088	3
0.03273	0.57217	0.10341	0.29169	3
0.00887	0.12656	0.52663	0.33794	3
0.01427	0.55328	0.01601	0.41644	2
0.01187	0.04684	0.83669	0.1046	3
0.0002	0.00257	0.98922	0.00801	3
0.12366	0.392	0.00892	0.47542	1
0.07982	0.47492	0.30252	0.14274	3
0.00025	0.00085	0.98956	0.00934	3
0.01453	0.01085	0.96415	0.01047	3
0.07084	0.16274	0.10096	0.66546	3
0.04843	0.05634	0.80773	0.0875	3
0.04416	0.46628	0.15969	0.32987	3
0.00014	0.00015	0.98534	0.01437	3
0.46452	0.09346	0.35754	0.08448	3
0.00237	0.03587	0.86015	0.1016	3
0.00209	0.06626	0.89458	0.03707	3
0.00654	0.82001	0.00106	0.1724	2
0.04133	0.07308	0.85054	0.03506	3
0.14728	0.72352	0.00569	0.12351	1
0.00096	0.6858	0.21254	0.1007	3
0.00489	0.09368	0.86024	0.04119	3
0.00625	0.00324	0.97615	0.01437	3
0.00017	0.93015	0.00059	0.06909	2
0.00602	0.96769	0.00023	0.02606	2
0.00021	0.00422	0.97764	0.01792	3
0.00443	0.53894	0.035	0.42162	2
0.76369	0.17645	0.00228	0.05759	1
0.0555	0.83923	0.04411	0.06117	2
0.22495	0.61673	0.01092	0.1474	1
0.00064	0.72317	0.22531	0.05088	3
0.00093	0.01602	0.9682	0.01485	3
0.00065	0.0242	0.94762	0.02752	3
0.03909	0.36341	0.42564	0.17186	3
0.00214	0.09005	0.76703	0.14078	3
0.00135	0.89511	0.01726	0.08628	2
0.05958	0.16881	0.32348	0.44813	3
0.02711	0.82892	0.01824	0.12573	2
0.01085	0.02307	0.91723	0.04885	3
0.02435	0.18873	0.50701	0.27991	3
0.00069	0.00612	0.9838	0.00939	3
0.01266	0.29048	0.43589	0.26096	3
0.05099	0.11734	0.65626	0.17541	3
0.00406	0.45377	0.05391	0.48826	2
0.43229	0.49805	0.00182	0.06784	1
0.02553	0.03735	0.88164	0.05548	3
0.00013	0.00168	0.99015	0.00804	3
0.0	0.0	0.9996	0.0004	3
0.00522	0.08133	0.66924	0.24421	3
0.0008	0.02193	0.91285	0.06442	3
0.24843	0.32603	0.10309	0.32245	1
0.0486	0.29146	0.02364	0.63631	2
0.05825	0.05938	0.55242	0.32995	3
0.00073	0.00591	0.97948	0.01388	3
0.00278	0.93695	0.0022	0.05806	2
0.0272	0.27918	0.37485	0.31877	3
0.01769	0.69366	0.16144	0.12721	3
0.01867	0.1893	0.71573	0.07631	3
0.0	1e-05	0.99758	0.00241	3
0.00771	0.02989	0.92671	0.0357	3
0.00325	0.11329	0.57121	0.31226	3
0.00656	0.01426	0.93552	0.04366	3
0.01623	0.00643	0.96947	0.00787	3
0.00195	0.81257	0.03216	0.15332	2
0.00152	0.75468	0.11099	0.13281	2
0.00643	0.81584	0.02099	0.15675	2
0.0515	0.02379	0.874	0.0507	3
0.02113	0.91772	0.00269	0.05846	2
0.00763	0.04165	0.85438	0.09634	3
0.05	0.03465	0.88498	0.03037	3
0.28908	0.29495	0.13138	0.28459	1
0.00586	0.03145	0.92225	0.04044	3
0.09892	0.02307	0.85751	0.0205	3
0.00183	0.0881	0.00743	0.90263	4
0.00532	0.06289	0.80543	0.12636	3
0.00031	0.95086	0.00024	0.0486	2
0.00513	0.85816	0.05869	0.07802	2
0.0183	0.15928	0.66914	0.15328	3
0.00022	0.00331	0.98479	0.01168	3
0.01697	0.3548	0.0317	0.59654	2
0.00036	0.00509	0.98532	0.00923	3
0.01055	0.47964	0.00416	0.50565	2
0.86173	0.10696	0.01339	0.01792	1
0.01762	0.01131	0.88904	0.08204	3
0.00343	0.00902	0.96413	0.02342	3
0.00051	0.96941	0.00039	0.02969	2
0.00184	0.0049	0.98398	0.00928	3
0.06723	0.05557	0.73587	0.14134	3
0.00223	0.02885	0.92027	0.04866	3
0.01284	0.00038	0.98465	0.00213	3
0.12394	0.53435	0.12578	0.21593	3
0.3199	0.32806	0.16339	0.18864	1
0.09275	0.05338	0.74615	0.10772	3
0.0001	0.00252	0.9909	0.00647	3
0.12018	0.72297	0.07964	0.0772	2
0.12961	0.06667	0.64385	0.15987	3
0.00162	0.63443	0.04191	0.32203	2
0.0428	0.90187	8e-05	0.05526	2
0.01019	0.61374	0.03482	0.34125	2
6e-05	0.10295	0.8811	0.0159	3
0.00233	0.46138	0.31798	0.2183	3
0.01649	0.22207	0.14469	0.61675	3
0.00685	0.02122	0.94917	0.02277	3
0.00149	0.78052	0.18883	0.02916	3
0.00575	0.07784	0.50795	0.40845	3
0.00098	0.17875	0.72004	0.10023	3
0.22829	0.54764	0.00732	0.21674	1
0.07501	0.04652	0.61497	0.2635	3
0.00256	0.65077	0.00551	0.34117	2
0.00211	0.06486	0.91747	0.01556	3
0.0563	0.16226	0.44774	0.33371	3
0.02073	0.2194	0.06135	0.69852	3
1e-05	1e-05	0.99696	0.00303	3
0.00366	0.10151	0.86506	0.02977	3
0.00138	0.53639	0.00652	0.45571	2
0.00492	0.88078	0.003	0.1113	2
0.04861	0.05198	0.78934	0.11007	3
0.0006	0.96673	0.00079	0.03189	2
0.00498	0.92757	0.0005	0.06695	2
0.14694	0.51712	0.00169	0.33424	1
0.05435	0.15521	0.55902	0.23142	3
0.00306	0.29369	0.00506	0.69819	2
0.00234	0.0388	0.93512	0.02374	3
0.40415	0.48568	0.00134	0.10882	1
0.0164	0.03763	0.9141	0.03187	3
0.00757	0.73354	0.00322	0.25567	2
0.00101	0.01194	0.94563	0.04142	3
0.04861	0.8277	0.00012	0.12357	2
0.01113	0.69112	0.1441	0.15365	3
0.00444	0.0161	0.96058	0.01888	3
0.13371	0.06671	0.43588	0.36369	3
0.32953	0.20529	0.07211	0.39308	1
0.00084	0.0007	0.99448	0.00398	3
0.03443	0.03285	0.67011	0.26262	3
0.03409	0.03051	0.84846	0.08694	3
0.00082	0.0071	0.97779	0.01429	3
0.00025	0.0019	0.99418	0.00367	3
0.00053	0.02941	0.94418	0.02587	3
0.20365	0.06831	0.50004	0.228	3
0.00123	0.65832	0.19353	0.14692	3
0.08757	0.0261	0.83172	0.05461	3
0.12004	0.35925	0.16048	0.36024	3
0.01319	0.91057	0.00035	0.07589	2
0.00568	0.01871	0.96306	0.01255	3
0.00151	0.01127	0.98093	0.00628	3
0.00333	0.00107	0.99249	0.00311	3
0.00199	0.02764	0.63509	0.33528	3
0.01332	0.95573	0.02791	0.00305	2
0.07899	0.1927	0.37295	0.35536	3
0.13024	0.69208	0.01537	0.16231	1
0.0187	0.01568	0.95088	0.01475	3
0.01239	0.006	0.97682	0.00479	3
0.00026	0.00142	0.96994	0.02839	3
0.01372	0.07403	0.56747	0.34479	3
0.00016	0.02751	0.61748	0.35485	3
0.05677	0.91421	0.00025	0.02877	2
0.06357	0.05918	0.5796	0.29765	3
0.00961	0.05732	0.91035	0.02273	3
0.00679	0.00116	0.98777	0.00428	3
0.57636	0.18602	0.08234	0.15528	1
0.00245	0.15011	0.75528	0.09216	3
0.00661	0.03002	0.74976	0.21361	3
0.17036	0.11575	0.61049	0.10339	3
0.00786	0.09575	0.61212	0.28426	3
0.02291	0.20848	0.56224	0.20637	3
0.13975	0.13314	0.56374	0.16337	3
0.00487	0.01987	0.95644	0.01882	3
0.00624	0.53286	0.01522	0.44568	2
0.0	0.00166	0.99276	0.00558	3
0.00867	0.84517	0.0192	0.12696	2
0.00127	0.00534	0.95337	0.04002	3
0.32662	0.06799	0.4752	0.13019	3
0.01934	0.82355	0.06318	0.09393	2
0.03177	0.22644	0.43877	0.30302	3
0.00589	0.54314	0.00561	0.44536	2
0.03252	0.37506	0.16031	0.43211	3
0.0	0.0	0.99971	0.00029	3
0.1176	0.15702	0.52179	0.20359	3
0.00065	0.00141	0.98916	0.00878	3
0.61728	0.08818	0.10046	0.19409	1
0.00071	0.91797	0.00071	0.0806	2
0.02016	0.01043	0.91059	0.05882	3
0.02199	0.07176	0.83106	0.0752	3
0.00035	0.02737	0.95024	0.02204	3
0.00062	0.31025	0.65264	0.0365	3
0.01722	0.66698	0.20939	0.1064	3
0.83047	0.08774	0.00099	0.0808	1
0.00288	0.0643	0.85922	0.07361	3
0.00113	0.45812	0.086	0.45475	3
0.00645	0.70717	0.01183	0.27455	2
0.00488	0.84682	0.06602	0.08229	2
8e-05	0.90449	0.00705	0.08839	2
0.00141	0.02105	0.94177	0.03576	3
0.0029	0.00588	0.96573	0.02549	3
0.00405	0.00518	0.97136	0.01941	3
0.00133	0.00145	0.99085	0.00637	3
0.00161	0.00621	0.98747	0.00471	3
0.01244	0.93788	0.00478	0.04491	2
0.02725	0.6818	0.00378	0.28717	2
0.04944	0.19185	0.30145	0.45727	3
0.00654	0.38828	0.31831	0.28687	3
0.00259	0.00541	0.96815	0.02386	3
0.07699	0.6866	0.01402	0.22239	2
0.07511	0.47278	0.00358	0.44852	2
0.00016	0.01686	0.96712	0.01587	3
1e-05	0.9962	1e-05	0.00378	2
0.02572	0.09953	0.70258	0.17217	3
0.0087	0.23069	0.21918	0.54143	3
0.35182	0.25001	0.06394	0.33423	1
0.03688	0.21545	0.13031	0.61736	3
0.03428	0.67193	0.19148	0.10231	3
0.49495	0.26535	0.03946	0.20024	1
0.2081	0.64439	0.04835	0.09915	1
0.0014	0.01742	0.93604	0.04513	3
3e-05	0.00249	0.99364	0.00384	3
0.07778	0.20591	0.02405	0.69227	1
0.00432	0.00506	0.95369	0.03693	3
0.00125	0.04111	0.82482	0.13282	3
4e-05	0.00168	0.9926	0.00569	3
0.0001	0.98641	0.00014	0.01336	2
0.01414	0.0536	0.60273	0.32953	3
0.00254	0.08575	0.86729	0.04441	3
0.01002	0.06761	0.76698	0.15539	3
0.00315	0.05435	0.73219	0.21031	3
0.00037	0.00269	0.97417	0.02277	3
0.00013	0.00682	0.99007	0.00298	3
0.00301	0.94587	0.01653	0.03458	2
0.00145	0.36877	0.0036	0.62618	2
0.09037	0.44724	0.15455	0.30784	3
0.0051	0.04698	0.87804	0.06988	3
0.00807	0.06299	0.24038	0.68855	3
0.00869	0.02863	0.91464	0.04804	3
0.01238	0.01121	0.91423	0.06217	3
0.00615	0.86405	0.0005	0.1293	2
0.02562	0.32602	0.31805	0.33031	3
0.0012	0.02979	0.92534	0.04366	3
0.00122	0.01331	0.95416	0.03131	3
0.00022	0.002	0.98274	0.01503	3
0.01587	0.01956	0.868	0.09656	3
6e-05	0.5786	0.02195	0.39938	2
0.00899	0.10014	0.83515	0.05573	3
0.01046	0.92205	0.0025	0.065	2
0.01046	0.90204	0.00799	0.0795	2
0.08642	0.03357	0.71097	0.16905	3
0.00076	0.2713	0.51793	0.21002	3
0.01142	0.0843	0.81584	0.08843	3
0.28149	0.45144	0.08927	0.17779	1
0.00436	0.88673	0.01465	0.09427	2
0.00011	0.00135	0.99173	0.00681	3
0.01342	0.90703	0.04694	0.03261	2
0.85513	0.08014	2e-05	0.06471	1
0.03525	0.9469	1e-05	0.01785	2
0.00681	0.00997	0.95886	0.02436	3
0.00828	0.00832	0.69034	0.29305	3
0.00108	0.12243	0.84194	0.03455	3
0.00082	0.03955	0.93984	0.01979	3
0.82232	0.12835	0.00504	0.04429	1
7e-05	0.96512	0.00282	0.03199	2
0.0087	0.0096	0.97321	0.00849	3
0.00278	0.11344	0.87386	0.00993	3
0.00032	0.42936	0.45447	0.11585	3
0.01167	0.02502	0.93907	0.02425	3
0.12825	0.6396	0.0497	0.18244	1
0.00108	0.00709	0.96228	0.02955	3
0.00049	0.00235	0.9892	0.00796	3
0.09802	0.49057	0.0024	0.40901	1
0.01799	0.49675	0.00038	0.48488	2
0.82411	0.13478	0.00043	0.04068	1
0.03286	0.72311	0.01107	0.23295	2
0.10497	0.55212	0.04957	0.29334	1
0.00059	0.01889	0.95184	0.02869	3
0.00189	0.81661	0.00287	0.17863	2
0.00022	0.00513	0.98938	0.00527	3
0.02196	0.09487	0.04602	0.83715	3
0.63609	0.19176	0.01613	0.15602	1
0.14132	0.25462	0.03677	0.5673	1
0.00329	0.97877	0.0064	0.01155	2
0.00087	0.76473	0.091	0.14339	2
0.05796	0.26396	0.15271	0.52537	3
0.03265	0.49776	0.00039	0.4692	2
0.00076	0.00112	0.99239	0.00573	3
0.00389	0.27244	0.11247	0.6112	3
0.04907	0.06082	0.69689	0.19321	3
0.01061	0.20554	0.01276	0.77109	2
0.00735	0.28112	0.12847	0.58306	3
0.01043	0.06533	0.85274	0.0715	3
0.00468	0.09615	0.71011	0.18905	3
0.00876	0.01948	0.95334	0.01842	3
0.01115	0.02099	0.92718	0.04067	3
0.01797	0.15495	0.34065	0.48643	3
0.01016	0.03196	0.88149	0.07639	3
0.04669	0.70271	0.00191	0.24868	2
0.6255	0.18468	0.07414	0.11569	1
0.34042	0.25641	0.1243	0.27887	1
0.00162	0.01916	0.97192	0.0073	3
9e-05	0.001	0.95779	0.04112	3
0.01388	0.55801	0.36634	0.06177	3
0.20745	0.18312	0.03067	0.57876	1
0.01106	0.57869	0.27862	0.13163	3
0.01535	0.78688	0.02025	0.17752	2
0.1273	0.6026	0.0173	0.2528	1
0.00102	0.82819	0.00221	0.16858	2
0.26092	0.1735	0.0503	0.51528	1
0.00156	0.07341	0.84935	0.07567	3
0.00211	0.37743	0.43252	0.18793	3
0.04962	0.19983	0.47367	0.27688	3
0.60528	0.16533	0.01878	0.21061	1
0.02906	0.02803	0.87147	0.07143	3
0.00556	0.41955	0.06418	0.51071	3
0.04316	0.74395	0.03133	0.18157	2
0.00264	0.34416	0.60278	0.05042	3
0.01165	0.07407	0.7485	0.16578	3
0.02442	0.05998	0.85058	0.06502	3
0.0	0.0	0.99835	0.00165	3
0.04362	0.07506	0.78886	0.09245	3
0.00991	0.14223	0.72324	0.12462	3
0.00055	0.40908	0.00045	0.58992	2
0.01459	0.16455	0.80619	0.01467	3
0.03065	0.01652	0.89187	0.06097	3
0.08987	0.77214	0.02112	0.11686	2
0.00612	0.0852	0.7784	0.13027	3
0.02223	0.01624	0.80451	0.15702	3
0.00086	0.98011	0.00275	0.01628	2
0.28958	0.1349	0.24393	0.33159	3
0.00658	0.63885	0.14537	0.20921	3
0.11021	0.46719	0.08447	0.33813	1
0.01638	0.41953	0.51334	0.05075	3
0.01488	0.00199	0.97245	0.01069	3
0.03929	0.10363	0.79722	0.05986	3
0.05274	0.01236	0.86546	0.06944	3
0.0	0.99948	0.0	0.00052	2
0.00417	0.3473	0.43325	0.21529	3
0.00225	0.51229	0.00244	0.48302	2
0.00028	0.01178	0.96184	0.0261	3
0.01286	0.94519	0.01153	0.03041	2
0.03303	0.12971	0.66911	0.16815	3
0.0022	0.00485	0.9671	0.02585	3
0.0182	0.51811	0.00072	0.46297	2
0.0009	0.00762	0.98406	0.00742	3
0.11043	0.32113	0.40713	0.16131	3
0.012	0.01657	0.9076	0.06383	3
0.00774	0.01887	0.89884	0.07455	3
0.14216	0.37625	0.19774	0.28385	3
0.16521	0.21303	0.01393	0.60783	1
0.00378	0.66651	0.0094	0.32031	2
0.00093	0.00104	0.99194	0.00608	3
0.0012	0.00922	0.97826	0.01133	3
0.01839	0.89985	0.00171	0.08006	2
0.05447	0.28149	0.51925	0.14479	3
3e-05	0.00356	0.98934	0.00707	3
0.00829	0.86086	0.01288	0.11797	2
0.0187	0.00711	0.96412	0.01007	3
0.00516	0.16742	0.64304	0.18438	3
0.02029	0.24863	0.40389	0.3272	3
0.03606	0.03487	0.86309	0.06598	3
0.00717	0.1778	0.51371	0.30132	3
0.00011	0.78008	0.00022	0.21959	2
0.03563	0.03502	0.83612	0.09324	3
0.00171	0.34954	0.49043	0.15832	3
0.15818	0.49167	0.04521	0.30494	1
0.02252	0.58821	0.04877	0.3405	2
0.15067	0.18935	0.59118	0.0688	3
0.00085	0.00801	0.96331	0.02784	3
0.0004	0.0057	0.9476	0.0463	3
0.02207	0.12816	0.70728	0.1425	3
0.00048	0.2262	0.57819	0.19513	3
0.0004	0.00157	0.98447	0.01356	3
0.00041	0.93482	0.00019	0.06457	2
0.01563	0.89565	0.00164	0.08709	2
0.06922	0.04622	0.66609	0.21847	3
0.88948	0.04954	0.01328	0.04769	1
0.02791	0.41757	0.0109	0.54362	2
0.00099	0.00187	0.99041	0.00674	3
0.00573	0.04615	0.90403	0.04409	3
0.00413	0.00682	0.96701	0.02204	3
0.00205	0.0056	0.94794	0.04441	3
0.05356	0.56253	0.02892	0.35499	2
0.03207	0.73808	0.00156	0.22829	2
0.0	0.0	0.99997	3e-05	3
0.06315	0.02383	0.63234	0.28068	3
0.17381	0.35861	0.08823	0.37935	1
0.00086	0.02246	0.96013	0.01655	3
0.00528	0.09841	0.73106	0.16525	3
0.02331	0.11592	0.68859	0.17218	3
0.0129	0.97342	0.00059	0.01308	2
0.00522	0.01554	0.8716	0.10764	3
1e-05	0.97476	0.00166	0.02357	2
0.01047	0.449	0.00289	0.53765	2
0.01042	0.82213	0.01845	0.149	2
0.0	0.0	0.99941	0.00059	3
0.27632	0.29388	0.02348	0.40631	1
0.0	0.0	0.99997	3e-05	3
0.15949	0.0056	0.81663	0.01829	3
0.00026	0.013	0.97137	0.01537	3
0.0039	0.00764	0.96956	0.01891	3
8e-05	0.74219	0.02975	0.22798	2
0.00012	0.03189	0.91019	0.0578	3
0.00307	0.47432	0.07307	0.44954	3
0.0	0.0	0.99983	0.00017	3
0.01357	0.03952	0.91408	0.03282	3
0.60163	0.38521	7e-05	0.01309	1
0.01136	0.69785	0.16338	0.12742	3
0.04747	0.22494	0.04409	0.6835	3
0.0079	0.13308	0.32874	0.53028	3
0.02249	0.35853	0.03048	0.5885	2
0.20257	0.045	0.64822	0.10421	3
0.00032	0.02233	0.91144	0.06592	3
0.0295	0.05789	0.80851	0.10411	3
0.00113	0.04211	0.90138	0.05537	3
0.00092	0.00261	0.98904	0.00742	3
0.00284	0.03014	0.90571	0.06131	3
0.03361	0.64717	0.00747	0.31175	2
0.1642	0.58516	0.00619	0.24445	1
0.00074	0.00147	0.9968	0.00099	3
0.27688	0.25479	0.23188	0.23645	3
0.4583	0.14391	0.12711	0.27068	1
0.30472	0.12248	0.40904	0.16377	3
5e-05	0.00906	0.98717	0.00371	3
0.78758	0.07122	0.02678	0.11441	1
0.00139	0.95431	0.01233	0.03197	2
0.02532	0.19923	0.60488	0.17056	3
0.00442	0.1836	0.01554	0.79644	2
0.03713	0.4385	0.01033	0.51405	2
0.00551	0.07727	0.85141	0.06581	3
0.27527	0.16832	0.01866	0.53776	1
0.00017	0.00382	0.96787	0.02814	3
0.14643	0.22686	0.00398	0.62273	1
0.00276	0.01661	0.95707	0.02356	3
0.00135	0.4035	0.02092	0.57423	2
0.174	0.10381	0.4334	0.28879	3
0.38755	0.09656	0.09569	0.42021	1
0.00062	0.2561	0.47444	0.26884	3
0.03897	0.68942	0.01325	0.25836	2
0.20113	0.18404	0.3817	0.23314	3
0.00143	0.01883	0.96388	0.01586	3
0.02794	0.01784	0.22118	0.73305	3
0.00128	0.02283	0.92326	0.05263	3
0.13933	0.22862	0.06728	0.56478	1
0.00484	0.04304	0.86344	0.08869	3
0.00249	0.01199	0.93383	0.05169	3
0.08717	0.58205	0.01435	0.31643	2
0.0011	0.00155	0.99316	0.00419	3
0.00042	0.00125	0.99594	0.0024	3
0.02697	0.0283	0.874	0.07072	3
0.00775	0.83094	0.01269	0.14862	2
0.08225	0.39643	0.04048	0.48084	1
0.09937	0.24253	0.53105	0.12705	3
0.16214	0.35762	0.01451	0.46574	1
0.00046	0.0115	0.88368	0.10437	3
0.01328	0.5199	0.27369	0.19313	3
0.06918	0.66354	0.00133	0.26595	2
0.00218	0.00505	0.96444	0.02833	3
0.00766	0.33724	0.02259	0.63251	2
0.20773	0.48186	0.06601	0.2444	1
0.03474	0.3081	0.001	0.65616	2
0.00225	0.7342	0.1419	0.12165	3
0.03914	0.15231	0.51731	0.29123	3
0.0	0.0	0.99959	0.00041	3
0.06524	0.00245	0.90878	0.02353	3
0.00405	0.87235	0.00768	0.11591	2
0.01438	0.02424	0.79707	0.1643	3
0.24735	0.56285	0.00078	0.18902	1
0.00162	0.001	0.99486	0.00251	3
0.00063	0.09578	0.14151	0.76207	3
0.52855	0.15086	0.02529	0.2953	1
0.00021	0.00474	0.97037	0.02468	3
0.15	0.74371	0.0005	0.10579	1
0.01186	0.55584	9e-05	0.43221	2
0.00052	0.88575	0.00225	0.11148	2
0.00232	0.00754	0.96661	0.02353	3
0.00231	0.07379	0.02767	0.89623	3
0.00187	0.85333	0.00723	0.13757	2
0.00622	0.50298	0.04653	0.44427	2
0.00131	0.06386	0.91508	0.01976	3
0.00023	0.00326	0.97952	0.01699	3
0.05845	0.00423	0.92062	0.0167	3
0.03361	0.62201	0.02247	0.32191	2
0.00011	0.24849	0.00685	0.74456	2
0.0127	0.04581	0.85817	0.08331	3
0.00234	0.03319	0.75484	0.20963	3
0.04874	0.08648	0.78498	0.0798	3
0.07488	0.06603	0.75421	0.10488	3
0.00121	0.89609	0.0004	0.1023	2
0.00058	0.0107	0.94044	0.04827	3
0.00498	0.34261	0.02304	0.62936	2
0.00981	0.19642	0.00839	0.78537	2
0.00301	0.99266	0.00077	0.00356	2
7e-05	0.57702	0.01986	0.40304	2
0.01168	0.56882	0.09329	0.3262	3
0.01273	0.83813	0.00194	0.1472	2
0.0	0.0	0.99798	0.00201	3
0.00169	0.59676	0.00942	0.39213	2
0.0041	0.17141	0.71209	0.11241	3
0.00112	0.00114	0.99014	0.00759	3
0.00226	0.7942	0.10236	0.10119	2
0.00082	0.04067	0.91333	0.04518	3
0.01789	0.30497	0.03071	0.64643	2
0.06682	0.16055	0.112	0.66063	3
0.00704	0.21926	0.54347	0.23022	3
0.01529	0.4404	0.00206	0.54225	2
0.00094	0.01495	0.94556	0.03855	3
0.01731	0.0554	0.86306	0.06423	3
0.00018	0.91228	0.00277	0.08476	2
0.00431	0.12787	0.45021	0.41761	3
0.00056	0.21923	0.66229	0.11792	3
